BlueBoiler
168
0.000 0.020 1.000 50.000 6.283 0.020 0.000 1.099
0.001 0.040 1.000 0.003 6.283 0.020 0.001 1.099
0.003 0.090 2.500 75.017 6.283 0.020 0.003 1.099
0.006 0.160 3.501 50.053 6.283 0.020 0.006 1.099
0.011 0.250 4.504 50.121 6.283 0.020 0.011 1.099
0.018 0.350 5.008 25.209 6.283 0.020 0.018 1.099
0.027 0.451 5.014 0.286 6.283 0.020 0.027 1.099
0.038 0.551 5.021 0.366 6.283 0.020 0.038 1.099
0.051 0.652 5.030 0.445 6.283 0.020 0.051 1.099
0.066 0.752 5.040 0.524 6.283 0.020 0.066 1.099
0.083 0.853 5.052 0.601 6.283 0.020 0.083 1.099
0.102 0.955 5.066 0.676 6.283 0.020 0.102 1.099
0.123 1.056 5.081 0.750 6.283 0.020 0.123 1.099
0.147 1.158 5.097 0.823 6.283 0.020 0.147 1.099
0.172 1.261 5.115 0.893 6.282 0.020 0.172 1.099
0.199 1.363 5.135 0.962 6.282 0.020 0.199 1.099
0.228 1.466 5.155 1.030 6.282 0.020 0.228 1.099
0.260 1.570 5.177 1.095 6.282 0.020 0.260 1.099
0.293 1.674 5.200 1.159 6.281 0.020 0.293 1.099
0.329 1.778 5.225 1.222 6.281 0.020 0.329 1.099
0.367 1.883 5.250 1.284 6.280 0.020 0.367 1.099
0.406 1.989 5.277 1.344 6.279 0.020 0.406 1.098
0.448 2.095 5.305 1.403 6.278 0.020 0.448 1.098
0.492 2.202 5.335 1.462 6.278 0.020 0.492 1.098
0.538 2.309 5.365 1.520 6.276 0.020 0.538 1.098
0.587 2.417 5.397 1.578 6.275 0.020 0.587 1.097
0.637 2.526 5.429 1.635 6.274 0.020 0.637 1.097
0.690 2.635 5.463 1.694 6.272 0.020 0.690 1.096
0.745 2.745 5.498 1.753 6.271 0.020 0.745 1.096
0.802 2.856 5.534 1.812 6.269 0.020 0.802 1.095
0.861 2.967 5.572 1.873 6.267 0.020 0.861 1.094
0.923 3.079 5.611 1.936 6.264 0.020 0.923 1.093
0.987 3.192 5.651 2.000 6.262 0.020 0.987 1.092
1.053 3.306 5.692 2.066 6.259 0.020 1.053 1.090
1.121 3.421 5.735 2.135 6.256 0.020 1.121 1.088
1.192 3.536 5.779 2.206 6.252 0.020 1.192 1.086
1.265 3.653 5.824 2.279 6.249 0.020 1.265 1.084
1.340 3.770 5.871 2.355 6.245 0.020 1.340 1.081
1.418 3.889 5.920 2.433 6.240 0.020 1.418 1.078
1.498 4.008 5.970 2.513 6.236 0.020 1.498 1.074
1.581 4.128 6.022 2.596 6.230 0.020 1.580 1.070
1.666 4.250 6.076 2.679 6.225 0.020 1.665 1.066
1.753 4.373 6.131 2.764 6.219 0.020 1.753 1.060
1.843 4.496 6.188 2.848 6.213 0.020 1.842 1.054
1.936 4.621 6.247 2.930 6.206 0.020 1.935 1.047
2.031 4.747 6.307 3.010 6.199 0.020 2.029 1.040
2.128 4.875 6.368 3.084 6.191 0.020 2.126 1.031
2.228 5.003 6.432 3.151 6.183 0.020 2.226 1.021
2.331 5.133 6.496 3.208 6.174 0.020 2.328 1.011
2.436 5.265 6.561 3.251 6.165 0.020 2.433 0.999
2.544 5.386 6.069 -24.600 6.155 0.020 2.540 0.986
2.654 5.486 5.008 -53.046 6.144 0.020 2.648 0.971
2.765 5.565 3.928 -54.005 6.133 0.020 2.758 0.955
2.877 5.621 2.827 -55.010 6.122 0.020 2.869 0.937
2.990 5.655 1.707 -56.045 6.110 0.020 2.981 0.919
3.104 5.678 1.134 -28.649 6.097 0.020 3.093 0.898
3.218 5.700 1.120 -0.694 6.085 0.020 3.205 0.877
3.333 5.722 1.102 -0.860 6.072 0.020 3.317 0.853
3.447 5.744 1.082 -1.042 6.058 0.020 3.429 0.828
3.563 5.765 1.057 -1.239 6.044 0.020 3.541 0.802
3.678 5.786 1.028 -1.450 6.030 0.020 3.653 0.774
3.795 5.806 0.994 -1.673 6.015 0.020 3.765 0.744
3.911 5.825 0.956 -1.907 6.000 0.020 3.878 0.712
4.028 5.843 0.913 -2.148 5.985 0.020 3.990 0.679
4.145 5.860 0.865 -2.394 5.969 0.020 4.101 0.643
4.263 5.877 0.813 -2.641 5.953 0.020 4.213 0.606
4.380 5.892 0.755 -2.886 5.937 0.020 4.324 0.567
4.499 5.906 0.692 -3.125 5.920 0.020 4.435 0.526
4.617 5.918 0.625 -3.353 5.904 0.020 4.545 0.483
4.736 5.929 0.554 -3.568 5.887 0.020 4.655 0.438
4.854 5.939 0.479 -3.763 5.870 0.020 4.764 0.391
4.973 5.947 0.400 -3.936 5.853 0.020 4.872 0.343
5.092 5.953 0.318 -4.083 5.835 0.020 4.980 0.292
5.211 5.958 0.234 -4.200 5.818 0.020 5.087 0.240
5.331 5.961 0.149 -4.285 5.800 0.020 5.193 0.185
5.450 5.962 0.062 -4.336 5.783 0.020 5.298 0.129
5.569 5.961 -0.025 -4.351 5.765 0.020 5.402 0.071
5.688 5.959 -0.112 -4.330 5.748 0.020 5.506 0.011
5.807 5.955 -0.197 -4.273 5.730 0.020 5.607 -0.051
5.926 5.950 -0.281 -4.181 5.713 0.020 5.708 -0.114
6.045 5.942 -0.362 -4.057 5.696 0.020 5.808 -0.179
6.164 5.934 -0.440 -3.902 5.679 0.020 5.906 -0.246
6.282 5.923 -0.514 -3.720 5.662 0.020 6.003 -0.314
6.401 5.912 -0.585 -3.514 5.646 0.020 6.098 -0.384
6.519 5.899 -0.650 -3.289 5.629 0.020 6.193 -0.455
6.636 5.884 -0.711 -3.049 5.613 0.020 6.285 -0.527
6.754 5.869 -0.767 -2.796 5.597 0.020 6.377 -0.600
6.871 5.853 -0.818 -2.537 5.582 0.020 6.467 -0.675
6.987 5.835 -0.864 -2.274 5.567 0.020 6.555 -0.751
7.104 5.817 -0.904 -2.011 5.552 0.020 6.643 -0.828
7.220 5.799 -0.939 -1.752 5.537 0.020 6.728 -0.906
7.335 5.779 -0.969 -1.500 5.523 0.020 6.813 -0.986
7.451 5.759 -0.994 -1.256 5.509 0.020 6.896 -1.065
7.565 5.739 -1.014 -1.023 5.496 0.020 6.977 -1.146
7.680 5.718 -1.030 -0.804 5.483 0.020 7.057 -1.228
7.794 5.698 -1.042 -0.597 5.470 0.020 7.136 -1.310
7.907 5.677 -1.051 -0.406 5.458 0.020 7.214 -1.393
8.020 5.655 -1.055 -0.230 5.446 0.020 7.290 -1.477
8.133 5.634 -1.057 -0.069 5.434 0.020 7.365 -1.561
8.245 5.613 -1.055 0.076 5.423 0.020 7.438 -1.645
8.357 5.592 -1.051 0.206 5.412 0.020 7.511 -1.731
8.468 5.571 -1.044 0.322 5.402 0.020 7.582 -1.816
8.580 5.551 -1.036 0.424 5.392 0.020 7.653 -1.902
8.690 5.530 -1.026 0.512 5.382 0.020 7.722 -1.989
8.800 5.510 -1.014 0.589 5.373 0.020 7.790 -2.075
8.910 5.490 -1.001 0.654 5.364 0.020 7.857 -2.162
9.020 5.470 -0.987 0.708 5.355 0.020 7.923 -2.250
9.129 5.451 -0.972 0.753 5.347 0.020 7.988 -2.337
9.237 5.432 -0.956 0.789 5.339 0.020 8.052 -2.425
9.345 5.413 -0.940 0.817 5.332 0.020 8.115 -2.513
9.453 5.394 -0.923 0.838 5.325 0.020 8.177 -2.601
9.561 5.376 -0.906 0.852 5.318 0.020 8.239 -2.689
9.668 5.349 -1.369 -23.167 5.311 0.020 8.299 -2.777
9.774 5.302 -2.359 -49.516 5.305 0.020 8.359 -2.865
9.878 5.234 -3.391 -51.594 5.299 0.020 8.417 -2.952
9.981 5.146 -4.411 -50.983 5.294 0.020 8.474 -3.038
10.082 5.037 -5.419 -50.425 5.289 0.020 8.529 -3.122
10.181 4.918 -5.945 -26.255 5.284 0.020 8.582 -3.205
10.277 4.799 -5.940 0.211 5.280 0.020 8.634 -3.286
10.370 4.682 -5.885 2.764 5.276 0.020 8.684 -3.365
10.461 4.565 -5.832 2.629 5.272 0.020 8.733 -3.442
10.550 4.449 -5.782 2.499 5.269 0.020 8.780 -3.517
10.637 4.335 -5.735 2.375 5.265 0.020 8.826 -3.591
10.722 4.221 -5.690 2.257 5.263 0.020 8.870 -3.663
10.804 4.108 -5.647 2.144 5.260 0.020 8.913 -3.733
10.884 3.996 -5.606 2.037 5.257 0.020 8.954 -3.801
10.961 3.885 -5.568 1.935 5.255 0.020 8.994 -3.868
11.037 3.774 -5.531 1.838 5.253 0.020 9.033 -3.933
11.110 3.664 -5.496 1.745 5.251 0.020 9.071 -3.995
11.181 3.555 -5.463 1.657 5.249 0.020 9.107 -4.056
11.250 3.446 -5.431 1.573 5.248 0.020 9.143 -4.116
11.317 3.338 -5.401 1.493 5.246 0.020 9.177 -4.173
11.381 3.231 -5.373 1.417 5.245 0.020 9.209 -4.229
11.444 3.124 -5.346 1.345 5.244 0.020 9.241 -4.283
11.504 3.017 -5.321 1.275 5.243 0.020 9.272 -4.335
11.563 2.911 -5.297 1.209 5.242 0.020 9.301 -4.385
11.619 2.806 -5.274 1.145 5.241 0.020 9.329 -4.433
11.673 2.701 -5.252 1.084 5.240 0.020 9.357 -4.480
11.725 2.596 -5.231 1.026 5.240 0.020 9.383 -4.525
11.774 2.492 -5.212 0.970 5.239 0.020 9.408 -4.568
11.822 2.388 -5.194 0.916 5.239 0.020 9.432 -4.609
11.868 2.285 -5.176 0.864 5.238 0.020 9.455 -4.649
11.912 2.181 -5.160 0.814 5.238 0.020 9.477 -4.686
11.953 2.079 -5.145 0.766 5.238 0.020 9.498 -4.722
11.993 1.976 -5.130 0.720 5.237 0.020 9.517 -4.757
12.030 1.874 -5.117 0.675 5.237 0.020 9.536 -4.789
12.065 1.771 -5.104 0.632 5.237 0.020 9.554 -4.820
12.099 1.670 -5.092 0.590 5.237 0.020 9.571 -4.849
12.130 1.568 -5.081 0.550 5.236 0.020 9.586 -4.876
12.160 1.467 -5.071 0.510 5.236 0.020 9.601 -4.901
12.187 1.365 -5.062 0.472 5.236 0.020 9.615 -4.925
12.212 1.264 -5.053 0.435 5.236 0.020 9.627 -4.947
12.235 1.163 -5.045 0.399 5.236 0.020 9.639 -4.967
12.257 1.063 -5.038 0.364 5.236 0.020 9.650 -4.985
12.276 0.962 -5.031 0.330 5.236 0.020 9.659 -5.002
12.293 0.861 -5.025 0.296 5.236 0.020 9.668 -5.017
12.308 0.761 -5.020 0.264 5.236 0.020 9.675 -5.030
12.322 0.661 -5.015 0.231 5.236 0.020 9.682 -5.041
12.333 0.561 -5.011 0.200 5.236 0.020 9.688 -5.051
12.342 0.460 -5.008 0.169 5.236 0.020 9.692 -5.059
12.349 0.360 -5.005 0.138 5.236 0.020 9.696 -5.065
12.354 0.260 -5.003 0.108 5.236 0.020 9.698 -5.070
12.358 0.169 -4.552 22.537 5.236 0.020 9.700 -5.073
12.360 0.097 -3.602 47.505 5.236 0.020 9.701 -5.074
12.361 0.045 -2.602 50.021 5.236 0.020 9.702 -5.075
12.361 0.013 -1.602 50.007 5.236 0.020 9.702 -5.076
12.361 0.001 -0.602 50.001 5.236 0.020 9.702 -5.076
12.361 0.000 -0.051 27.542 5.236 0.020 9.702 -5.076
0.000 0.020 1.000 50.000 6.283 0.020 0.000 -1.099
0.001 0.040 1.000 -0.003 6.283 0.020 0.001 -1.099
0.003 0.090 2.500 74.983 6.283 0.020 0.003 -1.099
0.006 0.160 3.499 49.947 6.283 0.020 0.006 -1.099
0.011 0.250 4.496 49.879 6.283 0.020 0.011 -1.099
0.018 0.350 4.992 24.791 6.283 0.020 0.018 -1.099
0.027 0.449 4.986 -0.286 6.283 0.020 0.027 -1.099
0.038 0.549 4.979 -0.366 6.283 0.020 0.038 -1.099
0.051 0.648 4.970 -0.445 6.283 0.020 0.051 -1.099
0.066 0.748 4.960 -0.524 6.283 0.020 0.066 -1.099
0.083 0.847 4.948 -0.601 6.283 0.020 0.083 -1.099
0.102 0.945 4.934 -0.676 6.283 0.020 0.102 -1.099
0.123 1.044 4.919 -0.750 6.283 0.020 0.123 -1.099
0.145 1.142 4.903 -0.823 6.283 0.020 0.145 -1.099
0.170 1.239 4.885 -0.893 6.282 0.020 0.170 -1.099
0.197 1.337 4.865 -0.962 6.282 0.020 0.197 -1.099
0.226 1.434 4.845 -1.030 6.282 0.020 0.226 -1.099
0.256 1.530 4.823 -1.095 6.282 0.020 0.256 -1.099
0.289 1.626 4.800 -1.159 6.281 0.020 0.289 -1.099
0.323 1.722 4.775 -1.222 6.281 0.020 0.323 -1.099
0.359 1.817 4.750 -1.284 6.280 0.020 0.359 -1.099
0.398 1.911 4.723 -1.344 6.279 0.020 0.398 -1.099
0.438 2.005 4.695 -1.403 6.278 0.020 0.438 -1.100
0.480 2.098 4.665 -1.462 6.278 0.020 0.480 -1.100
0.524 2.191 4.635 -1.520 6.276 0.020 0.524 -1.100
0.569 2.283 4.603 -1.578 6.275 0.020 0.569 -1.100
0.617 2.374 4.571 -1.635 6.274 0.020 0.617 -1.101
0.666 2.465 4.537 -1.694 6.272 0.020 0.666 -1.101
0.717 2.555 4.502 -1.753 6.271 0.020 0.717 -1.102
0.770 2.644 4.466 -1.812 6.269 0.020 0.770 -1.103
0.825 2.733 4.428 -1.873 6.267 0.020 0.825 -1.104
0.881 2.821 4.389 -1.936 6.264 0.020 0.881 -1.105
0.939 2.908 4.349 -2.000 6.262 0.020 0.939 -1.106
0.999 2.994 4.308 -2.066 6.259 0.020 0.999 -1.107
1.061 3.079 4.265 -2.135 6.256 0.020 1.061 -1.109
1.124 3.164 4.221 -2.206 6.252 0.020 1.124 -1.111
1.189 3.247 4.176 -2.279 6.249 0.020 1.189 -1.113
1.256 3.330 4.129 -2.355 6.245 0.020 1.255 -1.115
1.324 3.411 4.080 -2.433 6.240 0.020 1.324 -1.118
1.394 3.492 4.030 -2.514 6.236 0.020 1.393 -1.121
1.465 3.572 3.978 -2.596 6.230 0.020 1.465 -1.125
1.538 3.650 3.924 -2.680 6.225 0.020 1.538 -1.129
1.613 3.727 3.869 -2.764 6.219 0.020 1.612 -1.133
1.689 3.804 3.812 -2.848 6.213 0.020 1.688 -1.138
1.766 3.879 3.753 -2.931 6.206 0.020 1.765 -1.144
1.845 3.953 3.693 -3.011 6.199 0.020 1.844 -1.150
1.926 4.025 3.631 -3.085 6.191 0.020 1.924 -1.158
2.008 4.097 3.568 -3.152 6.183 0.020 2.006 -1.165
2.091 4.167 3.504 -3.209 6.174 0.020 2.089 -1.174
2.176 4.235 3.439 -3.252 6.165 0.020 2.173 -1.184
2.262 4.294 2.931 -25.401 6.155 0.020 2.258 -1.194
2.348 4.334 1.992 -46.954 6.144 0.020 2.344 -1.206
2.435 4.355 1.072 -45.995 6.133 0.020 2.430 -1.218
2.523 4.359 0.172 -44.990 6.122 0.020 2.516 -1.232
2.609 4.345 -0.707 -43.954 6.110 0.020 2.602 -1.246
2.696 4.322 -1.134 -21.351 6.097 0.020 2.687 -1.262
2.782 4.300 -1.120 0.694 6.085 0.020 2.771 -1.278
2.867 4.277 -1.103 0.860 6.072 0.020 2.855 -1.296
2.953 4.256 -1.082 1.042 6.058 0.020 2.938 -1.314
3.037 4.235 -1.057 1.239 6.044 0.020 3.021 -1.334
3.122 4.214 -1.028 1.450 6.030 0.020 3.102 -1.354
3.205 4.194 -0.995 1.674 6.015 0.020 3.183 -1.376
3.289 4.175 -0.956 1.907 6.000 0.020 3.264 -1.398
3.372 4.157 -0.914 2.148 5.985 0.020 3.343 -1.422
3.455 4.140 -0.866 2.394 5.969 0.020 3.422 -1.447
3.537 4.123 -0.813 2.641 5.953 0.020 3.501 -1.473
3.620 4.108 -0.755 2.886 5.937 0.020 3.578 -1.501
3.701 4.094 -0.693 3.125 5.920 0.020 3.655 -1.529
3.783 4.082 -0.625 3.354 5.904 0.020 3.731 -1.559
3.864 4.071 -0.554 3.568 5.887 0.020 3.806 -1.589
3.946 4.061 -0.479 3.764 5.870 0.020 3.881 -1.621
4.027 4.053 -0.400 3.937 5.853 0.020 3.955 -1.655
4.108 4.047 -0.318 4.084 5.835 0.020 4.028 -1.689
4.189 4.042 -0.234 4.201 5.818 0.020 4.101 -1.725
4.269 4.039 -0.149 4.286 5.800 0.020 4.173 -1.761
4.350 4.038 -0.062 4.337 5.783 0.020 4.244 -1.800
4.431 4.038 0.025 4.352 5.765 0.020 4.314 -1.839
4.512 4.041 0.112 4.331 5.748 0.020 4.384 -1.880
4.593 4.045 0.197 4.274 5.730 0.020 4.453 -1.921
4.674 4.050 0.281 4.182 5.713 0.020 4.522 -1.965
4.755 4.057 0.362 4.058 5.696 0.020 4.590 -2.009
4.836 4.066 0.440 3.903 5.679 0.020 4.657 -2.055
4.918 4.077 0.514 3.721 5.662 0.020 4.724 -2.101
4.999 4.088 0.585 3.515 5.646 0.020 4.790 -2.150
5.081 4.101 0.651 3.290 5.629 0.020 4.856 -2.199
5.164 4.115 0.712 3.049 5.613 0.020 4.921 -2.250
5.246 4.131 0.768 2.797 5.597 0.020 4.985 -2.301
5.329 4.147 0.818 2.537 5.582 0.020 5.049 -2.354
5.412 4.164 0.864 2.274 5.567 0.020 5.112 -2.409
5.496 4.183 0.904 2.012 5.552 0.020 5.175 -2.464
5.580 4.201 0.939 1.752 5.537 0.020 5.237 -2.521
5.665 4.221 0.969 1.500 5.523 0.020 5.298 -2.578
5.749 4.241 0.994 1.256 5.509 0.020 5.359 -2.637
5.835 4.261 1.015 1.023 5.496 0.020 5.420 -2.697
5.920 4.281 1.031 0.803 5.483 0.020 5.480 -2.758
6.006 4.302 1.043 0.597 5.470 0.020 5.539 -2.820
6.093 4.323 1.051 0.406 5.458 0.020 5.598 -2.884
6.180 4.344 1.055 0.230 5.446 0.020 5.657 -2.948
6.267 4.366 1.057 0.069 5.434 0.020 5.715 -3.013
6.355 4.387 1.055 -0.076 5.423 0.020 5.773 -3.079
6.443 4.408 1.051 -0.206 5.412 0.020 5.830 -3.146
6.531 4.429 1.045 -0.322 5.402 0.020 5.886 -3.214
6.620 4.449 1.036 -0.424 5.392 0.020 5.943 -3.283
6.710 4.470 1.026 -0.513 5.382 0.020 5.999 -3.353
6.800 4.490 1.014 -0.589 5.373 0.020 6.054 -3.424
6.890 4.510 1.001 -0.654 5.364 0.020 6.109 -3.495
6.980 4.530 0.987 -0.708 5.355 0.020 6.164 -3.568
7.071 4.549 0.972 -0.753 5.347 0.020 6.218 -3.641
7.163 4.568 0.956 -0.789 5.339 0.020 6.272 -3.714
7.254 4.587 0.940 -0.817 5.332 0.020 6.325 -3.789
7.347 4.606 0.923 -0.838 5.325 0.020 6.378 -3.864
7.439 4.624 0.906 -0.853 5.318 0.020 6.431 -3.940
7.532 4.633 0.471 -21.749 5.311 0.020 6.484 -4.016
7.624 4.624 -0.437 -45.399 5.305 0.020 6.536 -4.093
7.716 4.596 -1.405 -48.406 5.299 0.020 6.587 -4.169
7.807 4.549 -2.386 -49.017 5.294 0.020 6.637 -4.245
7.897 4.481 -3.377 -49.575 5.289 0.020 6.686 -4.320
7.985 4.402 -3.954 -28.830 5.284 0.020 6.734 -4.394
8.071 4.321 -4.060 -5.296 5.280 0.020 6.781 -4.467
8.156 4.239 -4.115 -2.765 5.276 0.020 6.826 -4.538
8.239 4.155 -4.167 -2.629 5.272 0.020 6.870 -4.609
8.321 4.071 -4.217 -2.499 5.269 0.020 6.913 -4.678
8.400 3.986 -4.265 -2.375 5.265 0.020 6.955 -4.746
8.478 3.899 -4.310 -2.257 5.263 0.020 6.996 -4.812
8.554 3.812 -4.353 -2.144 5.260 0.020 7.036 -4.877
8.629 3.724 -4.394 -2.037 5.257 0.020 7.075 -4.941
8.702 3.636 -4.432 -1.935 5.255 0.020 7.112 -5.003
8.773 3.546 -4.469 -1.838 5.253 0.020 7.149 -5.064
8.842 3.456 -4.504 -1.745 5.251 0.020 7.184 -5.123
8.909 3.366 -4.537 -1.657 5.249 0.020 7.219 -5.181
8.975 3.274 -4.569 -1.573 5.248 0.020 7.252 -5.237
9.038 3.182 -4.599 -1.494 5.246 0.020 7.285 -5.292
9.100 3.090 -4.627 -1.417 5.245 0.020 7.316 -5.345
9.160 2.997 -4.654 -1.345 5.244 0.020 7.347 -5.397
9.218 2.903 -4.679 -1.275 5.243 0.020 7.376 -5.447
9.274 2.809 -4.703 -1.209 5.242 0.020 7.404 -5.495
9.328 2.714 -4.726 -1.145 5.241 0.020 7.432 -5.542
9.381 2.619 -4.748 -1.084 5.240 0.020 7.458 -5.587
9.431 2.524 -4.769 -1.026 5.240 0.020 7.484 -5.631
9.480 2.428 -4.788 -0.970 5.239 0.020 7.508 -5.673
9.526 2.332 -4.806 -0.916 5.239 0.020 7.531 -5.713
9.571 2.236 -4.824 -0.864 5.238 0.020 7.554 -5.752
9.614 2.139 -4.840 -0.814 5.238 0.020 7.575 -5.789
9.655 2.042 -4.855 -0.766 5.238 0.020 7.596 -5.824
9.694 1.944 -4.870 -0.720 5.237 0.020 7.615 -5.858
9.731 1.847 -4.883 -0.675 5.237 0.020 7.634 -5.890
9.766 1.749 -4.896 -0.632 5.237 0.020 7.651 -5.920
9.799 1.651 -4.908 -0.590 5.237 0.020 7.668 -5.949
9.830 1.552 -4.919 -0.550 5.236 0.020 7.683 -5.976
9.859 1.454 -4.929 -0.510 5.236 0.020 7.698 -6.001
9.886 1.355 -4.938 -0.472 5.236 0.020 7.712 -6.024
9.911 1.256 -4.947 -0.435 5.236 0.020 7.724 -6.046
9.934 1.157 -4.955 -0.399 5.236 0.020 7.736 -6.066
9.955 1.058 -4.962 -0.364 5.236 0.020 7.746 -6.084
9.974 0.958 -4.969 -0.330 5.236 0.020 7.756 -6.101
9.992 0.859 -4.975 -0.296 5.236 0.020 7.764 -6.116
10.007 0.759 -4.980 -0.264 5.236 0.020 7.772 -6.129
10.020 0.660 -4.985 -0.231 5.236 0.020 7.779 -6.140
10.031 0.560 -4.989 -0.200 5.236 0.020 7.784 -6.150
10.040 0.460 -4.992 -0.169 5.236 0.020 7.789 -6.158
10.048 0.360 -4.995 -0.138 5.236 0.020 7.792 -6.164
10.053 0.260 -4.997 -0.108 5.236 0.020 7.795 -6.169
10.056 0.169 -4.549 22.379 5.236 0.020 7.797 -6.172
10.058 0.097 -3.601 47.411 5.236 0.020 7.798 -6.173
10.059 0.045 -2.602 49.979 5.236 0.020 7.798 -6.174
10.059 0.013 -1.602 49.993 5.236 0.020 7.798 -6.174
10.059 0.001 -0.602 49.999 5.236 0.020 7.798 -6.174
10.059 0.000 -0.051 27.542 5.236 0.020 7.798 -6.174
