BlueLoading
163
0.000 0.020 1.000 50.000 6.283 0.020 0.000 1.099
0.001 0.040 1.000 0.010 6.283 0.020 0.001 1.099
0.003 0.090 2.501 75.051 6.283 0.020 0.003 1.099
0.006 0.160 3.504 50.158 6.283 0.020 0.006 1.099
0.011 0.250 4.512 50.363 6.283 0.020 0.011 1.099
0.018 0.351 5.024 25.622 6.283 0.020 0.018 1.099
0.027 0.452 5.041 0.847 6.283 0.020 0.027 1.099
0.038 0.553 5.063 1.077 6.283 0.020 0.038 1.099
0.051 0.655 5.089 1.298 6.283 0.020 0.051 1.099
0.066 0.757 5.119 1.508 6.283 0.020 0.066 1.099
0.084 0.860 5.153 1.705 6.283 0.020 0.084 1.099
0.103 0.964 5.191 1.886 6.282 0.020 0.103 1.099
0.124 1.069 5.232 2.050 6.282 0.020 0.124 1.099
0.148 1.174 5.275 2.195 6.282 0.020 0.148 1.099
0.173 1.280 5.322 2.318 6.281 0.020 0.173 1.099
0.201 1.388 5.370 2.417 6.280 0.020 0.201 1.099
0.231 1.496 5.420 2.490 6.280 0.020 0.231 1.099
0.263 1.606 5.471 2.537 6.279 0.020 0.263 1.099
0.297 1.716 5.522 2.553 6.277 0.020 0.297 1.098
0.334 1.828 5.573 2.539 6.276 0.020 0.334 1.098
0.373 1.940 5.622 2.492 6.274 0.020 0.373 1.098
0.414 2.053 5.671 2.412 6.272 0.020 0.414 1.097
0.457 2.168 5.717 2.297 6.270 0.020 0.457 1.097
0.503 2.283 5.759 2.146 6.268 0.020 0.503 1.096
0.551 2.399 5.799 1.959 6.265 0.020 0.551 1.095
0.601 2.516 5.833 1.736 6.262 0.020 0.601 1.094
0.654 2.633 5.863 1.478 6.259 0.020 0.654 1.093
0.709 2.751 5.887 1.184 6.255 0.020 0.709 1.092
0.766 2.869 5.904 0.857 6.251 0.020 0.766 1.090
0.826 2.987 5.914 0.499 6.247 0.020 0.826 1.088
0.888 3.105 5.916 0.111 6.242 0.020 0.888 1.086
0.952 3.223 5.910 -0.304 6.237 0.020 0.952 1.083
1.019 3.341 5.895 -0.742 6.232 0.020 1.019 1.080
1.089 3.459 5.871 -1.198 6.226 0.020 1.088 1.076
1.160 3.576 5.838 -1.669 6.220 0.020 1.159 1.072
1.234 3.691 5.795 -2.150 6.214 0.020 1.233 1.067
1.310 3.806 5.742 -2.635 6.208 0.020 1.309 1.061
1.388 3.920 5.680 -3.119 6.201 0.020 1.387 1.055
1.469 4.032 5.608 -3.596 6.194 0.020 1.468 1.048
1.552 4.143 5.526 -4.061 6.187 0.020 1.550 1.040
1.637 4.251 5.436 -4.509 6.180 0.020 1.635 1.032
1.724 4.358 5.338 -4.935 6.172 0.020 1.721 1.023
1.813 4.463 5.231 -5.335 6.165 0.020 1.810 1.012
1.905 4.565 5.117 -5.706 6.157 0.020 1.901 1.001
1.998 4.665 4.996 -6.047 6.150 0.020 1.993 0.989
2.093 4.762 4.869 -6.356 6.142 0.020 2.087 0.976
2.190 4.857 4.736 -6.634 6.135 0.020 2.184 0.962
2.289 4.949 4.598 -6.882 6.127 0.020 2.281 0.947
2.390 5.038 4.456 -7.106 6.120 0.020 2.381 0.931
2.493 5.124 4.310 -7.308 6.113 0.020 2.482 0.914
2.596 5.197 3.625 -34.271 6.107 0.020 2.584 0.896
2.701 5.245 2.414 -60.517 6.101 0.020 2.688 0.878
2.807 5.270 1.226 -59.433 6.095 0.020 2.791 0.858
2.912 5.271 0.062 -58.196 6.090 0.020 2.895 0.838
3.017 5.249 -1.075 -56.837 6.086 0.020 2.998 0.818
3.121 5.216 -1.663 -29.392 6.082 0.020 3.100 0.797
3.225 5.182 -1.718 -2.753 6.078 0.020 3.201 0.776
3.328 5.146 -1.771 -2.650 6.076 0.020 3.302 0.755
3.430 5.110 -1.823 -2.595 6.074 0.020 3.402 0.734
3.532 5.072 -1.874 -2.586 6.072 0.020 3.501 0.713
3.632 5.034 -1.927 -2.620 6.072 0.020 3.600 0.692
3.732 4.994 -1.981 -2.694 6.072 0.020 3.697 0.671
3.831 4.953 -2.037 -2.805 6.073 0.020 3.794 0.650
3.930 4.912 -2.096 -2.951 6.074 0.020 3.890 0.630
4.027 4.868 -2.158 -3.128 6.077 0.020 3.986 0.609
4.123 4.824 -2.225 -3.335 6.080 0.020 4.080 0.590
4.219 4.778 -2.296 -3.568 6.084 0.020 4.174 0.571
4.314 4.730 -2.373 -3.822 6.089 0.020 4.267 0.552
4.407 4.681 -2.455 -4.095 6.095 0.020 4.358 0.534
4.500 4.631 -2.542 -4.380 6.101 0.020 4.450 0.517
4.591 4.578 -2.636 -4.672 6.109 0.020 4.540 0.501
4.682 4.523 -2.735 -4.962 6.118 0.020 4.629 0.486
4.771 4.466 -2.840 -5.241 6.127 0.020 4.717 0.472
4.859 4.407 -2.950 -5.497 6.138 0.020 4.804 0.458
4.946 4.346 -3.064 -5.715 6.150 0.020 4.890 0.446
5.032 4.282 -3.182 -5.876 6.163 0.020 4.975 0.435
5.116 4.216 -3.301 -5.959 6.177 0.020 5.059 0.426
5.199 4.148 -3.420 -5.937 6.193 0.020 5.141 0.418
5.281 4.077 -3.535 -5.779 6.210 0.020 5.223 0.411
5.361 4.004 -3.644 -5.450 6.228 0.020 5.303 0.406
5.439 3.930 -3.742 -4.913 6.247 0.020 5.381 0.402
5.516 3.853 -3.825 -4.125 6.268 0.020 5.458 0.400
5.592 3.775 -3.886 -3.045 0.007 0.020 5.534 0.400
5.666 3.697 -3.919 -1.636 0.031 0.020 5.608 0.402
5.738 3.619 -3.916 0.133 0.056 0.020 5.680 0.405
5.809 3.541 -3.870 2.279 0.083 0.020 5.751 0.410
5.878 3.466 -3.774 4.800 0.111 0.020 5.820 0.416
5.946 3.393 -3.621 7.664 0.140 0.020 5.887 0.425
6.013 3.325 -3.405 10.807 0.170 0.020 5.953 0.435
6.078 3.263 -3.122 14.130 0.202 0.020 6.017 0.447
6.142 3.207 -2.772 17.493 0.235 0.020 6.079 0.461
6.205 3.160 -2.358 20.727 0.268 0.020 6.141 0.477
6.268 3.122 -1.885 23.644 0.302 0.020 6.201 0.494
6.330 3.095 -1.364 26.053 0.337 0.020 6.259 0.514
6.391 3.079 -0.808 27.783 0.372 0.020 6.317 0.535
6.453 3.074 -0.234 28.703 0.407 0.020 6.374 0.558
6.514 3.081 0.341 28.744 0.442 0.020 6.430 0.584
6.576 3.099 0.899 27.903 0.476 0.020 6.486 0.611
6.639 3.128 1.424 26.248 0.510 0.020 6.541 0.641
6.702 3.166 1.902 23.906 0.544 0.020 6.596 0.673
6.766 3.212 2.323 21.047 0.576 0.020 6.650 0.707
6.832 3.266 2.680 17.859 0.608 0.020 6.704 0.743
6.898 3.325 2.970 14.531 0.638 0.020 6.758 0.782
6.966 3.389 3.195 11.232 0.668 0.020 6.812 0.823
7.035 3.456 3.357 8.102 0.696 0.020 6.866 0.867
7.106 3.525 3.462 5.243 0.723 0.020 6.919 0.913
7.178 3.596 3.516 2.721 0.748 0.020 6.972 0.961
7.251 3.659 3.177 -16.986 0.772 0.020 7.025 1.012
7.325 3.707 2.398 -38.935 0.795 0.020 7.078 1.064
7.400 3.738 1.519 -43.939 0.817 0.020 7.130 1.118
7.475 3.749 0.570 -47.466 0.837 0.020 7.180 1.173
7.550 3.740 -0.438 -50.408 0.855 0.020 7.230 1.229
7.624 3.718 -1.112 -33.706 0.872 0.020 7.278 1.286
7.698 3.690 -1.395 -14.119 0.888 0.020 7.325 1.342
7.771 3.657 -1.645 -12.506 0.902 0.020 7.371 1.400
7.843 3.620 -1.881 -11.815 0.916 0.020 7.416 1.457
7.915 3.578 -2.103 -11.085 0.928 0.020 7.459 1.514
7.985 3.531 -2.310 -10.347 0.939 0.020 7.501 1.570
8.055 3.481 -2.502 -9.625 0.950 0.020 7.542 1.627
8.124 3.428 -2.681 -8.930 0.959 0.020 7.581 1.683
8.191 3.371 -2.846 -8.274 0.968 0.020 7.620 1.738
8.257 3.311 -3.000 -7.660 0.976 0.020 7.657 1.793
8.322 3.248 -3.141 -7.091 0.984 0.020 7.693 1.847
8.386 3.182 -3.273 -6.567 0.991 0.020 7.728 1.900
8.448 3.115 -3.394 -6.086 0.997 0.020 7.762 1.952
8.509 3.044 -3.507 -5.648 1.002 0.020 7.795 2.003
8.568 2.972 -3.612 -5.250 1.008 0.020 7.827 2.054
8.626 2.898 -3.710 -4.888 1.012 0.020 7.858 2.103
8.683 2.822 -3.801 -4.560 1.017 0.020 7.888 2.151
8.738 2.744 -3.887 -4.263 1.020 0.020 7.916 2.197
8.791 2.665 -3.966 -3.994 1.024 0.020 7.944 2.243
8.843 2.584 -4.041 -3.750 1.027 0.020 7.971 2.287
8.893 2.502 -4.112 -3.528 1.030 0.020 7.997 2.330
8.941 2.418 -4.179 -3.327 1.032 0.020 8.022 2.371
8.988 2.333 -4.241 -3.143 1.034 0.020 8.046 2.411
9.033 2.247 -4.301 -2.974 1.036 0.020 8.069 2.450
9.076 2.160 -4.357 -2.819 1.038 0.020 8.091 2.487
9.117 2.072 -4.411 -2.675 1.040 0.020 8.112 2.523
9.157 1.983 -4.462 -2.541 1.041 0.020 8.132 2.557
9.195 1.893 -4.510 -2.415 1.042 0.020 8.151 2.590
9.231 1.801 -4.556 -2.294 1.043 0.020 8.169 2.621
9.265 1.710 -4.599 -2.179 1.044 0.020 8.186 2.651
9.297 1.617 -4.641 -2.068 1.045 0.020 8.202 2.678
9.328 1.523 -4.680 -1.959 1.045 0.020 8.218 2.705
9.356 1.429 -4.717 -1.852 1.046 0.020 8.232 2.730
9.383 1.334 -4.752 -1.745 1.046 0.020 8.245 2.753
9.408 1.238 -4.785 -1.638 1.046 0.020 8.258 2.774
9.431 1.142 -4.815 -1.530 1.047 0.020 8.269 2.794
9.452 1.045 -4.844 -1.420 1.047 0.020 8.280 2.812
9.471 0.947 -4.870 -1.309 1.047 0.020 8.289 2.828
9.488 0.850 -4.894 -1.195 1.047 0.020 8.298 2.843
9.503 0.751 -4.915 -1.079 1.047 0.020 8.305 2.856
9.516 0.653 -4.935 -0.961 1.047 0.020 8.312 2.867
9.527 0.554 -4.951 -0.839 1.047 0.020 8.317 2.877
9.536 0.454 -4.966 -0.716 1.047 0.020 8.322 2.885
9.543 0.355 -4.977 -0.590 1.047 0.020 8.325 2.891
9.548 0.255 -4.987 -0.463 1.047 0.020 8.328 2.895
9.551 0.165 -4.519 23.373 1.047 0.020 8.329 2.898
9.553 0.094 -3.549 48.512 1.047 0.020 8.330 2.900
9.554 0.043 -2.551 49.911 1.047 0.020 8.331 2.901
9.554 0.012 -1.551 49.971 1.047 0.020 8.331 2.901
9.554 0.001 -0.551 49.994 1.047 0.020 8.331 2.901
9.554 0.000 -0.026 26.286 1.047 0.020 8.331 2.901
0.000 0.020 1.000 50.000 6.283 0.020 0.000 -1.099
0.001 0.040 1.000 -0.010 6.283 0.020 0.001 -1.099
0.003 0.090 2.499 74.949 6.283 0.020 0.003 -1.099
0.006 0.160 3.496 49.842 6.283 0.020 0.006 -1.099
0.011 0.250 4.488 49.637 6.283 0.020 0.011 -1.099
0.018 0.349 4.976 24.378 6.283 0.020 0.018 -1.099
0.027 0.448 4.959 -0.847 6.283 0.020 0.027 -1.099
0.038 0.547 4.937 -1.077 6.283 0.020 0.038 -1.099
0.051 0.645 4.911 -1.298 6.283 0.020 0.051 -1.099
0.066 0.743 4.881 -1.508 6.283 0.020 0.066 -1.099
0.082 0.840 4.847 -1.705 6.283 0.020 0.082 -1.099
0.101 0.936 4.809 -1.886 6.282 0.020 0.101 -1.099
0.122 1.031 4.768 -2.050 6.282 0.020 0.122 -1.099
0.144 1.126 4.725 -2.195 6.282 0.020 0.144 -1.099
0.169 1.220 4.678 -2.318 6.281 0.020 0.169 -1.099
0.195 1.312 4.630 -2.417 6.280 0.020 0.195 -1.099
0.223 1.404 4.580 -2.490 6.280 0.020 0.223 -1.099
0.253 1.494 4.529 -2.537 6.279 0.020 0.253 -1.099
0.285 1.584 4.478 -2.553 6.277 0.020 0.285 -1.100
0.318 1.672 4.427 -2.539 6.276 0.020 0.318 -1.100
0.353 1.760 4.378 -2.493 6.274 0.020 0.353 -1.100
0.390 1.847 4.329 -2.412 6.272 0.020 0.390 -1.100
0.429 1.932 4.283 -2.297 6.270 0.020 0.429 -1.101
0.469 2.017 4.241 -2.146 6.268 0.020 0.469 -1.101
0.511 2.101 4.201 -1.959 6.265 0.020 0.511 -1.102
0.555 2.184 4.167 -1.736 6.262 0.020 0.555 -1.103
0.600 2.267 4.137 -1.478 6.259 0.020 0.600 -1.104
0.647 2.349 4.113 -1.185 6.255 0.020 0.647 -1.105
0.696 2.431 4.096 -0.858 6.251 0.020 0.696 -1.107
0.746 2.513 4.086 -0.499 6.247 0.020 0.746 -1.108
0.798 2.595 4.084 -0.111 6.242 0.020 0.798 -1.110
0.852 2.677 4.090 0.304 6.237 0.020 0.851 -1.113
0.907 2.759 4.105 0.741 6.232 0.020 0.906 -1.115
0.963 2.841 4.129 1.198 6.226 0.020 0.963 -1.118
1.022 2.924 4.162 1.669 6.220 0.020 1.022 -1.122
1.082 3.009 4.205 2.150 6.214 0.020 1.082 -1.126
1.144 3.094 4.258 2.635 6.208 0.020 1.143 -1.130
1.208 3.180 4.320 3.119 6.201 0.020 1.207 -1.135
1.273 3.268 4.392 3.596 6.194 0.020 1.272 -1.141
1.340 3.357 4.473 4.061 6.187 0.020 1.339 -1.147
1.409 3.449 4.564 4.509 6.180 0.020 1.407 -1.154
1.480 3.542 4.662 4.935 6.172 0.020 1.478 -1.162
1.553 3.637 4.769 5.335 6.165 0.020 1.550 -1.170
1.627 3.735 4.883 5.707 6.157 0.020 1.624 -1.179
1.704 3.835 5.004 6.047 6.150 0.020 1.700 -1.189
1.783 3.938 5.131 6.356 6.142 0.020 1.778 -1.200
1.864 4.043 5.264 6.634 6.135 0.020 1.858 -1.212
1.947 4.151 5.402 6.883 6.127 0.020 1.940 -1.224
2.032 4.262 5.544 7.106 6.120 0.020 2.024 -1.238
2.119 4.376 5.690 7.309 6.113 0.020 2.111 -1.252
2.209 4.483 5.375 -15.728 6.107 0.020 2.199 -1.268
2.301 4.575 4.586 -39.482 6.101 0.020 2.289 -1.284
2.394 4.650 3.774 -40.566 6.095 0.020 2.381 -1.301
2.488 4.709 2.938 -41.804 6.090 0.020 2.473 -1.319
2.583 4.751 2.075 -43.163 6.086 0.020 2.566 -1.337
2.679 4.784 1.663 -20.608 6.082 0.020 2.660 -1.356
2.775 4.818 1.718 2.752 6.078 0.020 2.754 -1.376
2.872 4.854 1.771 2.649 6.076 0.020 2.849 -1.396
2.970 4.890 1.823 2.595 6.074 0.020 2.945 -1.416
3.068 4.928 1.875 2.585 6.072 0.020 3.041 -1.436
3.168 4.966 1.927 2.619 6.072 0.020 3.139 -1.457
3.268 5.006 1.981 2.693 6.072 0.020 3.236 -1.478
3.369 5.047 2.037 2.804 6.073 0.020 3.335 -1.499
3.470 5.088 2.096 2.949 6.074 0.020 3.435 -1.521
3.573 5.132 2.158 3.127 6.077 0.020 3.535 -1.542
3.677 5.176 2.225 3.334 6.080 0.020 3.636 -1.563
3.781 5.222 2.296 3.566 6.084 0.020 3.739 -1.584
3.886 5.269 2.373 3.821 6.089 0.020 3.842 -1.604
3.993 5.319 2.455 4.093 6.095 0.020 3.947 -1.625
4.100 5.369 2.542 4.378 6.101 0.020 4.052 -1.644
4.209 5.422 2.636 4.670 6.109 0.020 4.159 -1.664
4.318 5.477 2.735 4.960 6.118 0.020 4.267 -1.682
4.429 5.534 2.840 5.239 6.127 0.020 4.376 -1.700
4.541 5.593 2.949 5.494 6.138 0.020 4.487 -1.717
4.654 5.654 3.064 5.712 6.150 0.020 4.599 -1.732
4.768 5.718 3.181 5.872 6.163 0.020 4.712 -1.747
4.884 5.784 3.300 5.955 6.177 0.020 4.827 -1.760
5.001 5.852 3.419 5.932 6.193 0.020 4.943 -1.771
5.119 5.923 3.534 5.774 6.210 0.020 5.062 -1.781
5.239 5.995 3.643 5.445 6.228 0.020 5.181 -1.789
5.361 6.070 3.741 4.908 6.247 0.020 5.302 -1.794
5.484 6.147 3.824 4.120 6.268 0.020 5.425 -1.797
5.608 6.224 3.885 3.040 0.007 0.020 5.550 -1.798
5.734 6.303 3.917 1.632 0.031 0.020 5.676 -1.795
5.862 6.381 3.914 -0.137 0.056 0.020 5.803 -1.790
5.991 6.458 3.869 -2.283 0.083 0.020 5.932 -1.781
6.122 6.534 3.773 -4.802 0.111 0.020 6.062 -1.768
6.254 6.606 3.619 -7.664 0.140 0.020 6.193 -1.752
6.387 6.674 3.403 -10.806 0.170 0.020 6.325 -1.731
6.522 6.737 3.121 -14.126 0.202 0.020 6.458 -1.706
6.658 6.792 2.771 -17.487 0.235 0.020 6.590 -1.677
6.795 6.839 2.357 -20.719 0.268 0.020 6.723 -1.643
6.932 6.877 1.884 -23.634 0.302 0.020 6.855 -1.604
7.070 6.904 1.363 -26.040 0.337 0.020 6.986 -1.561
7.209 6.920 0.808 -27.768 0.372 0.020 7.116 -1.513
7.347 6.925 0.234 -28.688 0.407 0.020 7.244 -1.460
7.485 6.918 -0.340 -28.728 0.442 0.020 7.370 -1.403
7.623 6.900 -0.898 -27.888 0.476 0.020 7.494 -1.342
7.761 6.872 -1.423 -26.234 0.510 0.020 7.615 -1.277
7.898 6.834 -1.901 -23.895 0.544 0.020 7.733 -1.208
8.033 6.787 -2.322 -21.037 0.576 0.020 7.848 -1.136
8.168 6.734 -2.679 -17.852 0.608 0.020 7.960 -1.061
8.301 6.674 -2.969 -14.526 0.638 0.020 8.068 -0.983
8.434 6.611 -3.194 -11.230 0.668 0.020 8.173 -0.902
8.565 6.544 -3.356 -8.102 0.696 0.020 8.275 -0.820
8.694 6.474 -3.461 -5.244 0.723 0.020 8.373 -0.736
8.822 6.404 -3.515 -2.723 0.748 0.020 8.468 -0.650
8.949 6.322 -4.124 -30.440 0.772 0.020 8.559 -0.563
9.073 6.216 -5.294 -58.490 0.795 0.020 8.647 -0.475
9.195 6.087 -6.415 -56.062 0.817 0.020 8.732 -0.387
9.313 5.938 -7.466 -52.537 0.837 0.020 8.812 -0.300
9.429 5.769 -8.458 -49.596 0.855 0.020 8.889 -0.213
9.541 5.592 -8.835 -18.875 0.872 0.020 8.961 -0.128
9.649 5.420 -8.604 11.537 0.888 0.020 9.030 -0.045
9.754 5.253 -8.354 12.499 0.902 0.020 9.096 0.037
9.856 5.091 -8.118 11.808 0.916 0.020 9.159 0.118
9.955 4.933 -7.897 11.079 0.928 0.020 9.218 0.196
10.050 4.779 -7.690 10.343 0.939 0.020 9.275 0.273
10.143 4.629 -7.497 9.621 0.950 0.020 9.329 0.348
10.232 4.483 -7.319 8.927 0.959 0.020 9.381 0.421
10.319 4.340 -7.153 8.271 0.968 0.020 9.431 0.493
10.403 4.200 -7.000 7.657 0.976 0.020 9.478 0.562
10.484 4.062 -6.858 7.089 0.984 0.020 9.523 0.630
10.563 3.928 -6.727 6.565 0.991 0.020 9.566 0.695
10.639 3.796 -6.605 6.085 0.997 0.020 9.608 0.759
10.712 3.666 -6.492 5.647 1.002 0.020 9.648 0.820
10.783 3.538 -6.388 5.249 1.008 0.020 9.685 0.880
10.851 3.412 -6.290 4.887 1.012 0.020 9.722 0.938
10.917 3.288 -6.199 4.560 1.017 0.020 9.756 0.994
10.980 3.166 -6.113 4.262 1.020 0.020 9.790 1.048
11.041 3.045 -6.033 3.993 1.024 0.020 9.821 1.100
11.100 2.926 -5.958 3.750 1.027 0.020 9.852 1.150
11.156 2.808 -5.888 3.528 1.030 0.020 9.881 1.198
11.210 2.692 -5.821 3.327 1.032 0.020 9.909 1.244
11.261 2.577 -5.759 3.143 1.034 0.020 9.935 1.288
11.310 2.463 -5.699 2.974 1.036 0.020 9.960 1.331
11.357 2.350 -5.643 2.819 1.038 0.020 9.984 1.371
11.402 2.238 -5.589 2.675 1.040 0.020 10.007 1.410
11.445 2.127 -5.538 2.541 1.041 0.020 10.028 1.446
11.485 2.018 -5.490 2.414 1.042 0.020 10.049 1.481
11.523 1.909 -5.444 2.294 1.043 0.020 10.068 1.514
11.559 1.801 -5.401 2.179 1.044 0.020 10.086 1.545
11.593 1.694 -5.359 2.068 1.045 0.020 10.103 1.575
11.625 1.587 -5.320 1.959 1.045 0.020 10.119 1.602
11.655 1.482 -5.283 1.852 1.046 0.020 10.134 1.628
11.682 1.377 -5.248 1.745 1.046 0.020 10.148 1.651
11.708 1.272 -5.215 1.638 1.046 0.020 10.160 1.673
11.731 1.169 -5.185 1.530 1.047 0.020 10.172 1.694
11.752 1.065 -5.156 1.420 1.047 0.020 10.183 1.712
11.772 0.963 -5.130 1.309 1.047 0.020 10.192 1.729
11.789 0.861 -5.106 1.195 1.047 0.020 10.201 1.744
11.804 0.759 -5.085 1.079 1.047 0.020 10.208 1.757
11.817 0.658 -5.065 0.961 1.047 0.020 10.215 1.768
11.828 0.557 -5.049 0.839 1.047 0.020 10.221 1.778
11.837 0.456 -5.034 0.716 1.047 0.020 10.225 1.786
11.844 0.356 -5.023 0.590 1.047 0.020 10.229 1.792
11.850 0.255 -5.013 0.463 1.047 0.020 10.231 1.796
11.853 0.165 -4.532 24.053 1.047 0.020 10.233 1.799
11.855 0.094 -3.554 48.914 1.047 0.020 10.234 1.801
11.856 0.043 -2.552 50.089 1.047 0.020 10.234 1.802
11.856 0.012 -1.552 50.029 1.047 0.020 10.234 1.802
11.856 0.001 -0.551 50.006 1.047 0.020 10.234 1.802
11.856 0.000 -0.026 26.287 1.047 0.020 10.234 1.802
