RedBoiler
165
0.000 0.020 1.000 50.000 0.000 0.020 0.000 1.099
0.001 0.040 1.000 -0.003 0.000 0.020 0.001 1.099
0.003 0.090 2.500 74.984 0.000 0.020 0.003 1.099
0.006 0.160 3.499 49.950 0.000 0.020 0.006 1.099
0.011 0.250 4.496 49.884 0.000 0.020 0.011 1.099
0.018 0.350 4.992 24.801 0.000 0.020 0.018 1.099
0.027 0.449 4.987 -0.272 0.000 0.020 0.027 1.099
0.038 0.549 4.980 -0.349 0.000 0.020 0.038 1.099
0.051 0.649 4.971 -0.425 0.000 0.020 0.051 1.099
0.066 0.748 4.961 -0.499 0.000 0.020 0.066 1.099
0.083 0.847 4.950 -0.573 0.000 0.020 0.083 1.099
0.102 0.945 4.937 -0.645 0.000 0.020 0.102 1.099
0.123 1.044 4.923 -0.716 0.000 0.020 0.123 1.099
0.145 1.142 4.907 -0.786 0.000 0.020 0.145 1.099
0.170 1.240 4.890 -0.854 0.001 0.020 0.170 1.099
0.197 1.337 4.872 -0.921 0.001 0.020 0.197 1.099
0.226 1.434 4.852 -0.986 0.001 0.020 0.226 1.099
0.256 1.531 4.831 -1.049 0.002 0.020 0.256 1.099
0.289 1.627 4.809 -1.112 0.002 0.020 0.289 1.099
0.323 1.723 4.785 -1.173 0.002 0.020 0.323 1.099
0.360 1.818 4.761 -1.233 0.003 0.020 0.360 1.099
0.398 1.913 4.735 -1.291 0.004 0.020 0.398 1.099
0.438 2.007 4.708 -1.349 0.005 0.020 0.438 1.100
0.480 2.100 4.680 -1.407 0.005 0.020 0.480 1.100
0.524 2.193 4.650 -1.464 0.006 0.020 0.524 1.100
0.570 2.286 4.620 -1.520 0.008 0.020 0.570 1.100
0.617 2.378 4.588 -1.577 0.009 0.020 0.617 1.101
0.667 2.469 4.556 -1.634 0.010 0.020 0.667 1.101
0.718 2.559 4.522 -1.692 0.012 0.020 0.718 1.102
0.771 2.649 4.487 -1.751 0.014 0.020 0.771 1.103
0.825 2.738 4.451 -1.811 0.016 0.020 0.825 1.103
0.882 2.826 4.413 -1.872 0.018 0.020 0.882 1.104
0.940 2.914 4.374 -1.935 0.021 0.020 0.940 1.105
1.000 3.000 4.334 -2.000 0.023 0.020 1.000 1.107
1.062 3.086 4.293 -2.067 0.026 0.020 1.062 1.108
1.125 3.171 4.250 -2.136 0.030 0.020 1.125 1.110
1.191 3.255 4.206 -2.208 0.033 0.020 1.190 1.112
1.257 3.339 4.161 -2.283 0.037 0.020 1.257 1.114
1.326 3.421 4.113 -2.359 0.041 0.020 1.326 1.117
1.396 3.502 4.065 -2.439 0.046 0.020 1.396 1.120
1.467 3.582 4.014 -2.520 0.051 0.020 1.467 1.124
1.541 3.662 3.962 -2.603 0.056 0.020 1.540 1.128
1.615 3.740 3.908 -2.687 0.061 0.020 1.615 1.132
1.692 3.817 3.853 -2.771 0.068 0.020 1.691 1.137
1.770 3.893 3.796 -2.855 0.074 0.020 1.769 1.142
1.849 3.968 3.737 -2.937 0.081 0.020 1.848 1.148
1.930 4.041 3.677 -3.015 0.088 0.020 1.928 1.155
2.012 4.113 3.615 -3.087 0.096 0.020 2.010 1.163
2.096 4.184 3.552 -3.152 0.105 0.020 2.094 1.171
2.181 4.254 3.488 -3.205 0.114 0.020 2.178 1.181
2.267 4.314 2.979 -25.470 0.123 0.020 2.264 1.191
2.354 4.354 2.035 -47.158 0.134 0.020 2.350 1.202
2.442 4.377 1.111 -46.240 0.144 0.020 2.437 1.214
2.529 4.381 0.205 -45.278 0.155 0.020 2.523 1.227
2.617 4.367 -0.681 -44.284 0.167 0.020 2.610 1.241
2.704 4.345 -1.113 -21.603 0.179 0.020 2.695 1.256
2.790 4.323 -1.102 0.530 0.191 0.020 2.780 1.272
2.876 4.301 -1.089 0.676 0.204 0.020 2.865 1.289
2.962 4.280 -1.072 0.837 0.217 0.020 2.948 1.307
3.047 4.259 -1.052 1.012 0.230 0.020 3.031 1.326
3.132 4.238 -1.028 1.201 0.244 0.020 3.114 1.345
3.216 4.218 -1.000 1.403 0.258 0.020 3.195 1.366
3.300 4.199 -0.967 1.617 0.273 0.020 3.277 1.388
3.384 4.180 -0.930 1.839 0.288 0.020 3.357 1.412
3.467 4.162 -0.889 2.068 0.303 0.020 3.437 1.436
3.550 4.145 -0.843 2.301 0.319 0.020 3.515 1.461
3.632 4.130 -0.792 2.536 0.335 0.020 3.594 1.488
3.715 4.115 -0.737 2.768 0.351 0.020 3.671 1.515
3.797 4.101 -0.677 2.995 0.367 0.020 3.748 1.544
3.878 4.089 -0.613 3.212 0.384 0.020 3.824 1.574
3.960 4.078 -0.545 3.415 0.400 0.020 3.899 1.605
4.041 4.069 -0.472 3.601 0.417 0.020 3.974 1.638
4.123 4.061 -0.397 3.767 0.434 0.020 4.048 1.671
4.204 4.054 -0.319 3.908 0.452 0.020 4.121 1.706
4.285 4.050 -0.239 4.022 0.469 0.020 4.194 1.742
4.366 4.047 -0.156 4.106 0.486 0.020 4.266 1.779
4.447 4.045 -0.073 4.158 0.504 0.020 4.337 1.818
4.527 4.045 0.010 4.177 0.521 0.020 4.407 1.857
4.608 4.047 0.094 4.163 0.538 0.020 4.477 1.898
4.689 4.051 0.176 4.115 0.556 0.020 4.547 1.940
4.770 4.056 0.257 4.035 0.573 0.020 4.615 1.984
4.852 4.063 0.335 3.925 0.590 0.020 4.683 2.028
4.933 4.071 0.411 3.785 0.607 0.020 4.750 2.074
5.015 4.080 0.483 3.620 0.624 0.020 4.817 2.121
5.097 4.091 0.552 3.433 0.640 0.020 4.883 2.170
5.179 4.104 0.616 3.226 0.656 0.020 4.948 2.219
5.261 4.117 0.676 3.004 0.672 0.020 5.013 2.270
5.344 4.132 0.732 2.770 0.688 0.020 5.077 2.322
5.427 4.148 0.782 2.529 0.704 0.020 5.141 2.375
5.510 4.164 0.828 2.284 0.719 0.020 5.204 2.429
5.594 4.181 0.869 2.038 0.734 0.020 5.267 2.485
5.677 4.200 0.905 1.795 0.748 0.020 5.329 2.542
5.762 4.218 0.936 1.557 0.763 0.020 5.390 2.599
5.847 4.238 0.962 1.326 0.777 0.020 5.451 2.658
5.932 4.257 0.984 1.106 0.790 0.020 5.511 2.719
6.017 4.277 1.002 0.896 0.803 0.020 5.571 2.780
6.103 4.298 1.016 0.700 0.816 0.020 5.630 2.842
6.190 4.318 1.027 0.517 0.828 0.020 5.689 2.905
6.276 4.339 1.034 0.348 0.840 0.020 5.747 2.970
6.364 4.360 1.038 0.193 0.852 0.020 5.805 3.035
6.451 4.380 1.039 0.053 0.863 0.020 5.863 3.101
6.539 4.401 1.037 -0.073 0.874 0.020 5.919 3.168
6.628 4.422 1.033 -0.184 0.885 0.020 5.976 3.236
6.716 4.442 1.028 -0.283 0.895 0.020 6.032 3.305
6.806 4.463 1.020 -0.368 0.905 0.020 6.087 3.375
6.895 4.483 1.012 -0.442 0.914 0.020 6.142 3.446
6.985 4.503 1.002 -0.504 0.923 0.020 6.197 3.518
7.076 4.523 0.990 -0.556 0.932 0.020 6.251 3.590
7.167 4.542 0.978 -0.598 0.940 0.020 6.305 3.663
7.258 4.560 0.892 -4.337 0.948 0.020 6.358 3.737
7.349 4.567 0.344 -27.374 0.956 0.020 6.411 3.811
7.440 4.555 -0.598 -47.127 0.963 0.020 6.464 3.886
7.531 4.524 -1.555 -47.851 0.970 0.020 6.515 3.961
7.620 4.473 -2.526 -48.526 0.976 0.020 6.566 4.034
7.708 4.405 -3.433 -45.369 0.982 0.020 6.615 4.108
7.795 4.327 -3.883 -22.496 0.988 0.020 6.663 4.180
7.880 4.248 -3.943 -2.984 0.993 0.020 6.709 4.251
7.963 4.168 -4.000 -2.855 0.998 0.020 6.754 4.321
8.045 4.087 -4.055 -2.730 1.002 0.020 6.799 4.389
8.125 4.005 -4.107 -2.609 1.006 0.020 6.842 4.457
8.204 3.922 -4.157 -2.493 1.010 0.020 6.883 4.523
8.280 3.838 -4.204 -2.381 1.014 0.020 6.924 4.589
8.355 3.753 -4.250 -2.274 1.017 0.020 6.964 4.652
8.429 3.667 -4.293 -2.172 1.020 0.020 7.002 4.715
8.500 3.580 -4.335 -2.075 1.023 0.020 7.040 4.776
8.570 3.493 -4.374 -1.982 1.026 0.020 7.076 4.836
8.638 3.405 -4.412 -1.894 1.028 0.020 7.111 4.894
8.705 3.316 -4.448 -1.809 1.030 0.020 7.145 4.951
8.769 3.226 -4.483 -1.729 1.032 0.020 7.178 5.006
8.832 3.136 -4.516 -1.652 1.034 0.020 7.211 5.060
8.893 3.045 -4.548 -1.579 1.035 0.020 7.242 5.112
8.952 2.953 -4.578 -1.509 1.037 0.020 7.272 5.163
9.009 2.861 -4.607 -1.442 1.038 0.020 7.301 5.212
9.064 2.768 -4.634 -1.378 1.039 0.020 7.329 5.260
9.118 2.675 -4.660 -1.316 1.040 0.020 7.356 5.306
9.170 2.581 -4.686 -1.257 1.041 0.020 7.382 5.351
9.219 2.487 -4.710 -1.199 1.042 0.020 7.407 5.394
9.267 2.393 -4.732 -1.144 1.043 0.020 7.431 5.435
9.313 2.297 -4.754 -1.090 1.044 0.020 7.455 5.475
9.357 2.202 -4.775 -1.038 1.044 0.020 7.477 5.513
9.399 2.106 -4.795 -0.987 1.045 0.020 7.498 5.549
9.439 2.010 -4.814 -0.937 1.045 0.020 7.518 5.584
9.478 1.913 -4.831 -0.888 1.046 0.020 7.537 5.617
9.514 1.816 -4.848 -0.841 1.046 0.020 7.555 5.648
9.548 1.719 -4.864 -0.794 1.046 0.020 7.573 5.678
9.581 1.621 -4.879 -0.748 1.046 0.020 7.589 5.706
9.611 1.523 -4.893 -0.702 1.047 0.020 7.604 5.733
9.640 1.425 -4.906 -0.657 1.047 0.020 7.618 5.757
9.666 1.327 -4.918 -0.613 1.047 0.020 7.632 5.780
9.691 1.228 -4.930 -0.569 1.047 0.020 7.644 5.802
9.714 1.130 -4.940 -0.525 1.047 0.020 7.655 5.821
9.734 1.031 -4.950 -0.482 1.047 0.020 7.666 5.839
9.753 0.931 -4.959 -0.439 1.047 0.020 7.675 5.855
9.769 0.832 -4.967 -0.396 1.047 0.020 7.683 5.869
9.784 0.733 -4.974 -0.353 1.047 0.020 7.691 5.882
9.797 0.633 -4.980 -0.311 1.047 0.020 7.697 5.893
9.807 0.533 -4.985 -0.268 1.047 0.020 7.702 5.902
9.816 0.434 -4.990 -0.226 1.047 0.020 7.707 5.910
9.823 0.334 -4.993 -0.183 1.047 0.020 7.710 5.916
9.827 0.235 -4.915 3.913 1.047 0.020 7.712 5.920
9.830 0.149 -4.336 28.955 1.047 0.020 7.714 5.922
9.832 0.082 -3.337 49.944 1.047 0.020 7.715 5.924
9.833 0.035 -2.338 49.976 1.047 0.020 7.715 5.924
9.833 0.008 -1.338 49.993 1.047 0.020 7.715 5.924
9.833 0.000 -0.419 45.944 1.047 0.020 7.715 5.924
0.000 0.020 1.000 50.000 0.000 0.020 0.000 -1.099
0.001 0.040 1.000 0.003 0.000 0.020 0.001 -1.099
0.003 0.090 2.500 75.016 0.000 0.020 0.003 -1.099
0.006 0.160 3.501 50.050 0.000 0.020 0.006 -1.099
0.011 0.250 4.504 50.116 0.000 0.020 0.011 -1.099
0.018 0.350 5.008 25.199 0.000 0.020 0.018 -1.099
0.027 0.451 5.013 0.272 0.000 0.020 0.027 -1.099
0.038 0.551 5.020 0.349 0.000 0.020 0.038 -1.099
0.051 0.651 5.029 0.424 0.000 0.020 0.051 -1.099
0.066 0.752 5.039 0.499 0.000 0.020 0.066 -1.099
0.083 0.853 5.050 0.573 0.000 0.020 0.083 -1.099
0.102 0.955 5.063 0.645 0.000 0.020 0.102 -1.099
0.123 1.056 5.077 0.716 0.000 0.020 0.123 -1.099
0.147 1.158 5.093 0.786 0.000 0.020 0.147 -1.099
0.172 1.260 5.110 0.854 0.001 0.020 0.172 -1.099
0.199 1.363 5.128 0.921 0.001 0.020 0.199 -1.099
0.228 1.466 5.148 0.986 0.001 0.020 0.228 -1.099
0.260 1.569 5.169 1.049 0.002 0.020 0.260 -1.099
0.293 1.673 5.191 1.112 0.002 0.020 0.293 -1.099
0.329 1.777 5.215 1.173 0.002 0.020 0.329 -1.099
0.366 1.882 5.239 1.233 0.003 0.020 0.366 -1.099
0.406 1.987 5.265 1.291 0.004 0.020 0.406 -1.098
0.448 2.093 5.292 1.349 0.005 0.020 0.448 -1.098
0.492 2.200 5.320 1.407 0.005 0.020 0.492 -1.098
0.538 2.307 5.350 1.464 0.006 0.020 0.538 -1.098
0.586 2.414 5.380 1.520 0.008 0.020 0.586 -1.097
0.637 2.522 5.412 1.577 0.009 0.020 0.637 -1.097
0.689 2.631 5.444 1.634 0.010 0.020 0.689 -1.097
0.744 2.741 5.478 1.692 0.012 0.020 0.744 -1.096
0.801 2.851 5.513 1.751 0.014 0.020 0.801 -1.095
0.861 2.962 5.549 1.811 0.016 0.020 0.860 -1.094
0.922 3.074 5.587 1.872 0.018 0.020 0.922 -1.093
0.986 3.186 5.626 1.935 0.021 0.020 0.986 -1.092
1.052 3.300 5.666 2.000 0.023 0.020 1.052 -1.091
1.120 3.414 5.707 2.067 0.026 0.020 1.120 -1.089
1.191 3.529 5.750 2.136 0.030 0.020 1.190 -1.087
1.263 3.645 5.794 2.208 0.033 0.020 1.263 -1.085
1.339 3.761 5.839 2.282 0.037 0.020 1.338 -1.082
1.416 3.879 5.887 2.359 0.041 0.020 1.416 -1.079
1.496 3.998 5.935 2.438 0.046 0.020 1.496 -1.075
1.579 4.118 5.986 2.519 0.051 0.020 1.578 -1.071
1.663 4.238 6.038 2.602 0.056 0.020 1.663 -1.067
1.751 4.360 6.092 2.686 0.061 0.020 1.750 -1.062
1.840 4.483 6.147 2.771 0.068 0.020 1.839 -1.056
1.932 4.607 6.204 2.854 0.074 0.020 1.931 -1.050
2.027 4.732 6.263 2.936 0.081 0.020 2.026 -1.042
2.124 4.859 6.323 3.014 0.088 0.020 2.122 -1.034
2.224 4.987 6.385 3.086 0.096 0.020 2.222 -1.025
2.326 5.116 6.448 3.150 0.105 0.020 2.324 -1.015
2.431 5.246 6.512 3.203 0.114 0.020 2.428 -1.003
2.538 5.366 6.021 -24.531 0.123 0.020 2.534 -0.990
2.648 5.465 4.964 -52.843 0.134 0.020 2.643 -0.976
2.759 5.543 3.889 -53.759 0.144 0.020 2.753 -0.961
2.871 5.599 2.795 -54.721 0.155 0.020 2.863 -0.944
2.983 5.633 1.680 -55.715 0.167 0.020 2.975 -0.926
3.096 5.655 1.113 -28.396 0.179 0.020 3.086 -0.907
3.210 5.677 1.102 -0.531 0.191 0.020 3.198 -0.886
3.324 5.699 1.088 -0.676 0.204 0.020 3.309 -0.864
3.438 5.720 1.072 -0.837 0.217 0.020 3.421 -0.840
3.553 5.741 1.051 -1.012 0.230 0.020 3.533 -0.814
3.668 5.762 1.027 -1.202 0.244 0.020 3.645 -0.787
3.784 5.782 0.999 -1.403 0.258 0.020 3.757 -0.759
3.900 5.801 0.967 -1.616 0.273 0.020 3.869 -0.728
4.016 5.820 0.930 -1.839 0.288 0.020 3.981 -0.696
4.133 5.838 0.889 -2.068 0.303 0.020 4.093 -0.662
4.250 5.854 0.843 -2.301 0.319 0.020 4.204 -0.626
4.368 5.870 0.792 -2.535 0.335 0.020 4.315 -0.588
4.485 5.885 0.737 -2.768 0.351 0.020 4.426 -0.549
4.603 5.899 0.677 -2.994 0.367 0.020 4.537 -0.507
4.722 5.911 0.613 -3.211 0.384 0.020 4.647 -0.464
4.840 5.922 0.544 -3.414 0.400 0.020 4.756 -0.419
4.959 5.931 0.472 -3.600 0.417 0.020 4.865 -0.372
5.077 5.939 0.397 -3.766 0.434 0.020 4.973 -0.323
5.196 5.945 0.319 -3.907 0.452 0.020 5.081 -0.272
5.315 5.950 0.239 -4.021 0.469 0.020 5.187 -0.219
5.434 5.953 0.156 -4.105 0.486 0.020 5.293 -0.164
5.553 5.955 0.073 -4.157 0.504 0.020 5.398 -0.107
5.673 5.955 -0.010 -4.176 0.521 0.020 5.502 -0.049
5.792 5.953 -0.093 -4.162 0.538 0.020 5.604 0.011
5.911 5.949 -0.176 -4.114 0.556 0.020 5.706 0.073
6.029 5.944 -0.256 -4.034 0.573 0.020 5.806 0.137
6.148 5.937 -0.335 -3.924 0.590 0.020 5.906 0.202
6.267 5.929 -0.411 -3.784 0.607 0.020 6.004 0.269
6.385 5.920 -0.483 -3.619 0.624 0.020 6.100 0.337
6.503 5.908 -0.552 -3.432 0.640 0.020 6.196 0.407
6.621 5.896 -0.616 -3.225 0.656 0.020 6.290 0.478
6.739 5.883 -0.676 -3.003 0.672 0.020 6.382 0.550
6.856 5.868 -0.732 -2.770 0.688 0.020 6.473 0.624
6.973 5.852 -0.782 -2.529 0.704 0.020 6.563 0.699
7.090 5.836 -0.828 -2.284 0.719 0.020 6.652 0.775
7.206 5.818 -0.869 -2.038 0.734 0.020 6.739 0.853
7.322 5.800 -0.904 -1.795 0.748 0.020 6.824 0.931
7.438 5.782 -0.936 -1.557 0.763 0.020 6.908 1.010
7.553 5.762 -0.962 -1.326 0.777 0.020 6.991 1.091
7.668 5.743 -0.984 -1.106 0.790 0.020 7.073 1.172
7.783 5.723 -1.002 -0.896 0.803 0.020 7.153 1.253
7.897 5.702 -1.016 -0.700 0.816 0.020 7.231 1.336
8.010 5.682 -1.027 -0.517 0.828 0.020 7.309 1.419
8.124 5.661 -1.033 -0.348 0.840 0.020 7.385 1.503
8.236 5.640 -1.037 -0.193 0.852 0.020 7.459 1.588
8.349 5.620 -1.038 -0.053 0.863 0.020 7.533 1.673
8.461 5.599 -1.037 0.072 0.874 0.020 7.605 1.758
8.572 5.578 -1.033 0.184 0.885 0.020 7.676 1.844
8.683 5.558 -1.028 0.282 0.895 0.020 7.746 1.930
8.794 5.537 -1.020 0.368 0.905 0.020 7.815 2.017
8.904 5.517 -1.011 0.442 0.914 0.020 7.883 2.104
9.014 5.497 -1.001 0.504 0.923 0.020 7.950 2.192
9.124 5.477 -0.990 0.555 0.932 0.020 8.015 2.279
9.233 5.458 -0.978 0.597 0.940 0.020 8.080 2.367
9.342 5.437 -1.054 -3.772 0.948 0.020 8.144 2.455
9.450 5.403 -1.668 -30.735 0.956 0.020 8.207 2.543
9.557 5.349 -2.726 -52.873 0.963 0.020 8.268 2.631
9.662 5.273 -3.769 -52.149 0.970 0.020 8.328 2.718
9.766 5.177 -4.798 -51.474 0.976 0.020 8.386 2.803
9.867 5.063 -5.729 -46.522 0.982 0.020 8.443 2.887
9.966 4.940 -6.117 -19.395 0.988 0.020 8.497 2.970
10.062 4.819 -6.057 2.983 0.993 0.020 8.550 3.050
10.156 4.699 -6.000 2.854 0.998 0.020 8.601 3.129
10.248 4.580 -5.945 2.729 1.002 0.020 8.651 3.206
10.337 4.462 -5.893 2.609 1.006 0.020 8.699 3.281
10.424 4.346 -5.843 2.492 1.010 0.020 8.745 3.355
10.509 4.230 -5.796 2.381 1.014 0.020 8.790 3.427
10.591 4.115 -5.750 2.274 1.017 0.020 8.833 3.497
10.671 4.001 -5.707 2.172 1.020 0.020 8.875 3.565
10.749 3.887 -5.665 2.075 1.023 0.020 8.916 3.631
10.824 3.775 -5.626 1.982 1.026 0.020 8.955 3.696
10.898 3.663 -5.588 1.894 1.028 0.020 8.993 3.758
10.969 3.552 -5.552 1.809 1.030 0.020 9.030 3.819
11.037 3.442 -5.517 1.729 1.032 0.020 9.065 3.878
11.104 3.332 -5.484 1.652 1.034 0.020 9.099 3.935
11.168 3.223 -5.452 1.579 1.035 0.020 9.132 3.991
11.231 3.114 -5.422 1.509 1.037 0.020 9.164 4.044
11.291 3.007 -5.393 1.442 1.038 0.020 9.194 4.096
11.349 2.899 -5.366 1.378 1.039 0.020 9.224 4.146
11.405 2.792 -5.340 1.316 1.040 0.020 9.252 4.194
11.458 2.686 -5.314 1.257 1.041 0.020 9.279 4.241
11.510 2.580 -5.290 1.199 1.042 0.020 9.305 4.285
11.560 2.475 -5.268 1.144 1.043 0.020 9.330 4.328
11.607 2.370 -5.246 1.090 1.044 0.020 9.354 4.369
11.652 2.266 -5.225 1.038 1.044 0.020 9.377 4.408
11.696 2.162 -5.205 0.987 1.045 0.020 9.399 4.445
11.737 2.058 -5.186 0.937 1.045 0.020 9.419 4.481
11.776 1.954 -5.169 0.888 1.046 0.020 9.439 4.515
11.813 1.851 -5.152 0.841 1.046 0.020 9.457 4.547
11.848 1.749 -5.136 0.794 1.046 0.020 9.475 4.577
11.881 1.646 -5.121 0.748 1.046 0.020 9.491 4.606
11.912 1.544 -5.107 0.702 1.047 0.020 9.507 4.632
11.940 1.442 -5.094 0.657 1.047 0.020 9.521 4.657
11.967 1.341 -5.082 0.613 1.047 0.020 9.535 4.681
11.992 1.239 -5.070 0.569 1.047 0.020 9.547 4.702
12.015 1.138 -5.060 0.525 1.047 0.020 9.558 4.722
12.035 1.037 -5.050 0.482 1.047 0.020 9.569 4.740
12.054 0.936 -5.041 0.439 1.047 0.020 9.578 4.756
12.071 0.835 -5.033 0.396 1.047 0.020 9.587 4.770
12.086 0.735 -5.026 0.353 1.047 0.020 9.594 4.783
12.098 0.635 -5.020 0.311 1.047 0.020 9.600 4.794
12.109 0.534 -5.015 0.268 1.047 0.020 9.606 4.803
12.118 0.434 -5.010 0.226 1.047 0.020 9.610 4.811
12.124 0.334 -5.007 0.183 1.047 0.020 9.613 4.817
12.129 0.235 -4.923 4.196 1.047 0.020 9.616 4.821
12.132 0.149 -4.340 29.154 1.047 0.020 9.617 4.823
12.134 0.082 -3.338 50.056 1.047 0.020 9.618 4.825
12.134 0.035 -2.338 50.024 1.047 0.020 9.618 4.825
12.135 0.008 -1.338 50.007 1.047 0.020 9.618 4.826
12.135 0.000 -0.419 45.947 1.047 0.020 9.618 4.826
