RedCenter
141
0.000 0.020 1.000 50.000 0.000 0.020 0.000 1.099
0.001 0.040 1.000 0.000 0.000 0.020 0.001 1.099
0.003 0.090 2.500 75.000 0.000 0.020 0.003 1.099
0.006 0.160 3.500 50.000 0.000 0.020 0.006 1.099
0.011 0.250 4.500 50.000 0.000 0.020 0.011 1.099
0.018 0.350 5.000 25.000 0.000 0.020 0.018 1.099
0.027 0.450 5.000 0.000 0.000 0.020 0.027 1.099
0.038 0.550 5.000 0.000 0.000 0.020 0.038 1.099
0.051 0.650 5.000 0.000 0.000 0.020 0.051 1.099
0.066 0.750 5.000 -0.000 0.000 0.020 0.066 1.099
0.083 0.850 5.000 0.000 0.000 0.020 0.083 1.099
0.102 0.950 5.000 0.000 0.000 0.020 0.102 1.099
0.123 1.050 5.000 -0.000 0.000 0.020 0.123 1.099
0.146 1.150 5.000 0.000 0.000 0.020 0.146 1.099
0.171 1.250 5.000 -0.000 0.000 0.020 0.171 1.099
0.198 1.350 5.000 0.000 0.000 0.020 0.198 1.099
0.227 1.450 5.000 -0.000 0.000 0.020 0.227 1.099
0.258 1.550 5.000 -0.000 0.000 0.020 0.258 1.099
0.291 1.650 5.000 -0.000 0.000 0.020 0.291 1.099
0.326 1.750 5.000 0.000 0.000 0.020 0.326 1.099
0.363 1.850 5.000 0.000 0.000 0.020 0.363 1.099
0.402 1.950 5.000 -0.000 0.000 0.020 0.402 1.099
0.443 2.050 5.000 0.000 0.000 0.020 0.443 1.099
0.486 2.150 5.000 -0.000 0.000 0.020 0.486 1.099
0.531 2.250 5.000 0.000 0.000 0.020 0.531 1.099
0.578 2.350 5.000 0.000 0.000 0.020 0.578 1.099
0.627 2.450 5.000 -0.000 0.000 0.020 0.627 1.099
0.678 2.550 5.000 -0.000 0.000 0.020 0.678 1.099
0.731 2.650 5.000 -0.000 0.000 0.020 0.731 1.099
0.786 2.750 5.000 0.000 0.000 0.020 0.786 1.099
0.843 2.850 5.000 -0.000 0.000 0.020 0.843 1.099
0.902 2.950 5.000 0.000 0.000 0.020 0.902 1.099
0.963 3.050 5.000 -0.000 0.000 0.020 0.963 1.099
1.026 3.150 5.000 -0.000 0.000 0.020 1.026 1.099
1.091 3.250 5.000 -0.000 0.000 0.020 1.091 1.099
1.158 3.350 5.000 -0.000 0.000 0.020 1.158 1.099
1.227 3.450 5.000 0.000 0.000 0.020 1.227 1.099
1.298 3.550 5.000 -0.000 0.000 0.020 1.298 1.099
1.371 3.650 5.000 0.000 0.000 0.020 1.371 1.099
1.446 3.750 5.000 -0.000 0.000 0.020 1.446 1.099
1.523 3.850 5.000 0.000 0.000 0.020 1.523 1.099
1.602 3.950 5.000 0.000 0.000 0.020 1.602 1.099
1.683 4.050 5.000 0.000 0.000 0.020 1.683 1.099
1.766 4.150 5.000 -0.000 0.000 0.020 1.766 1.099
1.851 4.250 5.000 0.000 0.000 0.020 1.851 1.099
1.938 4.350 5.000 0.000 0.000 0.020 1.938 1.099
2.027 4.450 5.000 -0.000 0.000 0.020 2.027 1.099
2.118 4.550 5.000 0.000 0.000 0.020 2.118 1.099
2.211 4.650 5.000 -0.000 0.000 0.020 2.211 1.099
2.306 4.750 5.000 0.000 0.000 0.020 2.306 1.099
2.403 4.840 4.500 -25.000 0.000 0.020 2.403 1.099
2.501 4.910 3.500 -50.000 0.000 0.020 2.501 1.099
2.600 4.960 2.500 -50.000 0.000 0.020 2.600 1.099
2.700 4.990 1.500 -50.000 0.000 0.020 2.700 1.099
2.800 5.000 0.500 -50.000 0.000 0.020 2.800 1.099
2.900 5.000 0.000 -25.000 0.000 0.020 2.900 1.099
3.000 5.000 -0.000 -0.000 0.000 0.020 3.000 1.099
3.100 5.000 0.000 0.000 0.000 0.020 3.100 1.099
3.200 5.000 0.000 0.000 0.000 0.020 3.200 1.099
3.300 5.000 -0.000 -0.000 0.000 0.020 3.300 1.099
3.400 5.000 0.000 0.000 0.000 0.020 3.400 1.099
3.500 5.000 -0.000 -0.000 0.000 0.020 3.500 1.099
3.600 5.000 -0.000 0.000 0.000 0.020 3.600 1.099
3.700 5.000 0.000 0.000 0.000 0.020 3.700 1.099
3.800 5.000 0.000 -0.000 0.000 0.020 3.800 1.099
3.900 5.000 -0.000 -0.000 0.000 0.020 3.900 1.099
4.000 5.000 0.000 0.000 0.000 0.020 4.000 1.099
4.100 5.000 0.000 0.000 0.000 0.020 4.100 1.099
4.200 5.000 -0.000 -0.000 0.000 0.020 4.200 1.099
4.300 5.000 0.000 0.000 0.000 0.020 4.300 1.099
4.400 5.000 0.000 0.000 0.000 0.020 4.400 1.099
4.500 5.000 -0.000 -0.000 0.000 0.020 4.500 1.099
4.600 5.000 0.000 0.000 0.000 0.020 4.600 1.099
4.700 5.000 -0.000 -0.000 0.000 0.020 4.700 1.099
4.800 5.000 0.000 0.000 0.000 0.020 4.800 1.099
4.900 5.000 0.000 0.000 0.000 0.020 4.900 1.099
5.000 5.000 -0.000 -0.000 0.000 0.020 5.000 1.099
5.100 5.000 0.000 0.000 0.000 0.020 5.100 1.099
5.200 5.000 -0.000 -0.000 0.000 0.020 5.200 1.099
5.300 5.000 0.000 0.000 0.000 0.020 5.300 1.099
5.400 5.000 -0.000 -0.000 0.000 0.020 5.400 1.099
5.500 5.000 0.000 0.000 0.000 0.020 5.500 1.099
5.600 5.000 -0.000 -0.000 0.000 0.020 5.600 1.099
5.700 5.000 0.000 0.000 0.000 0.020 5.700 1.099
5.800 5.000 0.000 -0.000 0.000 0.020 5.800 1.099
5.900 4.998 -0.083 -4.167 0.000 0.020 5.900 1.099
6.000 4.985 -0.667 -29.167 0.000 0.020 6.000 1.099
6.099 4.952 -1.667 -50.000 0.000 0.020 6.099 1.099
6.197 4.898 -2.667 -50.000 0.000 0.020 6.197 1.099
6.293 4.825 -3.667 -50.000 0.000 0.020 6.293 1.099
6.388 4.733 -4.583 -45.833 0.000 0.020 6.388 1.099
6.481 4.633 -5.000 -20.833 0.000 0.020 6.481 1.099
6.571 4.533 -5.000 0.000 0.000 0.020 6.571 1.099
6.660 4.433 -5.000 -0.000 0.000 0.020 6.660 1.099
6.747 4.333 -5.000 0.000 0.000 0.020 6.747 1.099
6.831 4.233 -5.000 -0.000 0.000 0.020 6.831 1.099
6.914 4.133 -5.000 0.000 0.000 0.020 6.914 1.099
6.995 4.033 -5.000 -0.000 0.000 0.020 6.995 1.099
7.073 3.933 -5.000 0.000 0.000 0.020 7.073 1.099
7.150 3.833 -5.000 0.000 0.000 0.020 7.150 1.099
7.225 3.733 -5.000 0.000 0.000 0.020 7.225 1.099
7.297 3.633 -5.000 0.000 0.000 0.020 7.297 1.099
7.368 3.533 -5.000 -0.000 0.000 0.020 7.368 1.099
7.437 3.433 -5.000 0.000 0.000 0.020 7.437 1.099
7.503 3.333 -5.000 -0.000 0.000 0.020 7.503 1.099
7.568 3.233 -5.000 -0.000 0.000 0.020 7.568 1.099
7.631 3.133 -5.000 0.000 0.000 0.020 7.631 1.099
7.691 3.033 -5.000 0.000 0.000 0.020 7.691 1.099
7.750 2.933 -5.000 0.000 0.000 0.020 7.750 1.099
7.807 2.833 -5.000 -0.000 0.000 0.020 7.807 1.099
7.861 2.733 -5.000 0.000 0.000 0.020 7.861 1.099
7.914 2.633 -5.000 0.000 0.000 0.020 7.914 1.099
7.965 2.533 -5.000 -0.000 0.000 0.020 7.965 1.099
8.013 2.433 -5.000 0.000 0.000 0.020 8.013 1.099
8.060 2.333 -5.000 -0.000 0.000 0.020 8.060 1.099
8.105 2.233 -5.000 0.000 0.000 0.020 8.105 1.099
8.147 2.133 -5.000 0.000 0.000 0.020 8.147 1.099
8.188 2.033 -5.000 -0.000 0.000 0.020 8.188 1.099
8.227 1.933 -5.000 0.000 0.000 0.020 8.227 1.099
8.263 1.833 -5.000 0.000 0.000 0.020 8.263 1.099
8.298 1.733 -5.000 -0.000 0.000 0.020 8.298 1.099
8.331 1.633 -5.000 0.000 0.000 0.020 8.331 1.099
8.361 1.533 -5.000 0.000 0.000 0.020 8.361 1.099
8.390 1.433 -5.000 0.000 0.000 0.020 8.390 1.099
8.417 1.333 -5.000 -0.000 0.000 0.020 8.417 1.099
8.441 1.233 -5.000 0.000 0.000 0.020 8.441 1.099
8.464 1.133 -5.000 -0.000 0.000 0.020 8.464 1.099
8.485 1.033 -5.000 0.000 0.000 0.020 8.485 1.099
8.503 0.933 -5.000 -0.000 0.000 0.020 8.503 1.099
8.520 0.833 -5.000 0.000 0.000 0.020 8.520 1.099
8.535 0.733 -5.000 0.000 0.000 0.020 8.535 1.099
8.547 0.633 -5.000 0.000 0.000 0.020 8.547 1.099
8.558 0.533 -5.000 0.000 0.000 0.020 8.558 1.099
8.567 0.433 -5.000 -0.000 0.000 0.020 8.567 1.099
8.573 0.333 -5.000 0.000 0.000 0.020 8.573 1.099
8.578 0.235 -4.917 4.167 0.000 0.020 8.578 1.099
8.581 0.148 -4.333 29.167 0.000 0.020 8.581 1.099
8.582 0.082 -3.333 50.000 0.000 0.020 8.582 1.099
8.583 0.035 -2.333 50.000 0.000 0.020 8.583 1.099
8.583 0.008 -1.333 50.000 0.000 0.020 8.583 1.099
8.583 0.000 -0.417 45.833 0.000 0.020 8.583 1.099
0.000 0.020 1.000 50.000 0.000 0.020 0.000 -1.099
0.001 0.040 1.000 0.000 0.000 0.020 0.001 -1.099
0.003 0.090 2.500 75.000 0.000 0.020 0.003 -1.099
0.006 0.160 3.500 50.000 0.000 0.020 0.006 -1.099
0.011 0.250 4.500 50.000 0.000 0.020 0.011 -1.099
0.018 0.350 5.000 25.000 0.000 0.020 0.018 -1.099
0.027 0.450 5.000 0.000 0.000 0.020 0.027 -1.099
0.038 0.550 5.000 0.000 0.000 0.020 0.038 -1.099
0.051 0.650 5.000 0.000 0.000 0.020 0.051 -1.099
0.066 0.750 5.000 -0.000 0.000 0.020 0.066 -1.099
0.083 0.850 5.000 0.000 0.000 0.020 0.083 -1.099
0.102 0.950 5.000 0.000 0.000 0.020 0.102 -1.099
0.123 1.050 5.000 -0.000 0.000 0.020 0.123 -1.099
0.146 1.150 5.000 0.000 0.000 0.020 0.146 -1.099
0.171 1.250 5.000 -0.000 0.000 0.020 0.171 -1.099
0.198 1.350 5.000 0.000 0.000 0.020 0.198 -1.099
0.227 1.450 5.000 -0.000 0.000 0.020 0.227 -1.099
0.258 1.550 5.000 -0.000 0.000 0.020 0.258 -1.099
0.291 1.650 5.000 -0.000 0.000 0.020 0.291 -1.099
0.326 1.750 5.000 0.000 0.000 0.020 0.326 -1.099
0.363 1.850 5.000 0.000 0.000 0.020 0.363 -1.099
0.402 1.950 5.000 -0.000 0.000 0.020 0.402 -1.099
0.443 2.050 5.000 0.000 0.000 0.020 0.443 -1.099
0.486 2.150 5.000 -0.000 0.000 0.020 0.486 -1.099
0.531 2.250 5.000 0.000 0.000 0.020 0.531 -1.099
0.578 2.350 5.000 0.000 0.000 0.020 0.578 -1.099
0.627 2.450 5.000 -0.000 0.000 0.020 0.627 -1.099
0.678 2.550 5.000 -0.000 0.000 0.020 0.678 -1.099
0.731 2.650 5.000 -0.000 0.000 0.020 0.731 -1.099
0.786 2.750 5.000 0.000 0.000 0.020 0.786 -1.099
0.843 2.850 5.000 -0.000 0.000 0.020 0.843 -1.099
0.902 2.950 5.000 0.000 0.000 0.020 0.902 -1.099
0.963 3.050 5.000 -0.000 0.000 0.020 0.963 -1.099
1.026 3.150 5.000 -0.000 0.000 0.020 1.026 -1.099
1.091 3.250 5.000 -0.000 0.000 0.020 1.091 -1.099
1.158 3.350 5.000 -0.000 0.000 0.020 1.158 -1.099
1.227 3.450 5.000 0.000 0.000 0.020 1.227 -1.099
1.298 3.550 5.000 -0.000 0.000 0.020 1.298 -1.099
1.371 3.650 5.000 0.000 0.000 0.020 1.371 -1.099
1.446 3.750 5.000 -0.000 0.000 0.020 1.446 -1.099
1.523 3.850 5.000 0.000 0.000 0.020 1.523 -1.099
1.602 3.950 5.000 0.000 0.000 0.020 1.602 -1.099
1.683 4.050 5.000 0.000 0.000 0.020 1.683 -1.099
1.766 4.150 5.000 -0.000 0.000 0.020 1.766 -1.099
1.851 4.250 5.000 0.000 0.000 0.020 1.851 -1.099
1.938 4.350 5.000 0.000 0.000 0.020 1.938 -1.099
2.027 4.450 5.000 -0.000 0.000 0.020 2.027 -1.099
2.118 4.550 5.000 0.000 0.000 0.020 2.118 -1.099
2.211 4.650 5.000 -0.000 0.000 0.020 2.211 -1.099
2.306 4.750 5.000 0.000 0.000 0.020 2.306 -1.099
2.403 4.840 4.500 -25.000 0.000 0.020 2.403 -1.099
2.501 4.910 3.500 -50.000 0.000 0.020 2.501 -1.099
2.600 4.960 2.500 -50.000 0.000 0.020 2.600 -1.099
2.700 4.990 1.500 -50.000 0.000 0.020 2.700 -1.099
2.800 5.000 0.500 -50.000 0.000 0.020 2.800 -1.099
2.900 5.000 0.000 -25.000 0.000 0.020 2.900 -1.099
3.000 5.000 -0.000 -0.000 0.000 0.020 3.000 -1.099
3.100 5.000 0.000 0.000 0.000 0.020 3.100 -1.099
3.200 5.000 0.000 0.000 0.000 0.020 3.200 -1.099
3.300 5.000 -0.000 -0.000 0.000 0.020 3.300 -1.099
3.400 5.000 0.000 0.000 0.000 0.020 3.400 -1.099
3.500 5.000 -0.000 -0.000 0.000 0.020 3.500 -1.099
3.600 5.000 -0.000 0.000 0.000 0.020 3.600 -1.099
3.700 5.000 0.000 0.000 0.000 0.020 3.700 -1.099
3.800 5.000 0.000 -0.000 0.000 0.020 3.800 -1.099
3.900 5.000 -0.000 -0.000 0.000 0.020 3.900 -1.099
4.000 5.000 0.000 0.000 0.000 0.020 4.000 -1.099
4.100 5.000 0.000 0.000 0.000 0.020 4.100 -1.099
4.200 5.000 -0.000 -0.000 0.000 0.020 4.200 -1.099
4.300 5.000 0.000 0.000 0.000 0.020 4.300 -1.099
4.400 5.000 0.000 0.000 0.000 0.020 4.400 -1.099
4.500 5.000 -0.000 -0.000 0.000 0.020 4.500 -1.099
4.600 5.000 0.000 0.000 0.000 0.020 4.600 -1.099
4.700 5.000 -0.000 -0.000 0.000 0.020 4.700 -1.099
4.800 5.000 0.000 0.000 0.000 0.020 4.800 -1.099
4.900 5.000 0.000 0.000 0.000 0.020 4.900 -1.099
5.000 5.000 -0.000 -0.000 0.000 0.020 5.000 -1.099
5.100 5.000 0.000 0.000 0.000 0.020 5.100 -1.099
5.200 5.000 -0.000 -0.000 0.000 0.020 5.200 -1.099
5.300 5.000 0.000 0.000 0.000 0.020 5.300 -1.099
5.400 5.000 -0.000 -0.000 0.000 0.020 5.400 -1.099
5.500 5.000 0.000 0.000 0.000 0.020 5.500 -1.099
5.600 5.000 -0.000 -0.000 0.000 0.020 5.600 -1.099
5.700 5.000 0.000 0.000 0.000 0.020 5.700 -1.099
5.800 5.000 0.000 -0.000 0.000 0.020 5.800 -1.099
5.900 4.998 -0.083 -4.167 0.000 0.020 5.900 -1.099
6.000 4.985 -0.667 -29.167 0.000 0.020 6.000 -1.099
6.099 4.952 -1.667 -50.000 0.000 0.020 6.099 -1.099
6.197 4.898 -2.667 -50.000 0.000 0.020 6.197 -1.099
6.293 4.825 -3.667 -50.000 0.000 0.020 6.293 -1.099
6.388 4.733 -4.583 -45.833 0.000 0.020 6.388 -1.099
6.481 4.633 -5.000 -20.833 0.000 0.020 6.481 -1.099
6.571 4.533 -5.000 0.000 0.000 0.020 6.571 -1.099
6.660 4.433 -5.000 -0.000 0.000 0.020 6.660 -1.099
6.747 4.333 -5.000 0.000 0.000 0.020 6.747 -1.099
6.831 4.233 -5.000 -0.000 0.000 0.020 6.831 -1.099
6.914 4.133 -5.000 0.000 0.000 0.020 6.914 -1.099
6.995 4.033 -5.000 -0.000 0.000 0.020 6.995 -1.099
7.073 3.933 -5.000 0.000 0.000 0.020 7.073 -1.099
7.150 3.833 -5.000 0.000 0.000 0.020 7.150 -1.099
7.225 3.733 -5.000 0.000 0.000 0.020 7.225 -1.099
7.297 3.633 -5.000 0.000 0.000 0.020 7.297 -1.099
7.368 3.533 -5.000 -0.000 0.000 0.020 7.368 -1.099
7.437 3.433 -5.000 0.000 0.000 0.020 7.437 -1.099
7.503 3.333 -5.000 -0.000 0.000 0.020 7.503 -1.099
7.568 3.233 -5.000 -0.000 0.000 0.020 7.568 -1.099
7.631 3.133 -5.000 0.000 0.000 0.020 7.631 -1.099
7.691 3.033 -5.000 0.000 0.000 0.020 7.691 -1.099
7.750 2.933 -5.000 0.000 0.000 0.020 7.750 -1.099
7.807 2.833 -5.000 -0.000 0.000 0.020 7.807 -1.099
7.861 2.733 -5.000 0.000 0.000 0.020 7.861 -1.099
7.914 2.633 -5.000 0.000 0.000 0.020 7.914 -1.099
7.965 2.533 -5.000 -0.000 0.000 0.020 7.965 -1.099
8.013 2.433 -5.000 0.000 0.000 0.020 8.013 -1.099
8.060 2.333 -5.000 -0.000 0.000 0.020 8.060 -1.099
8.105 2.233 -5.000 0.000 0.000 0.020 8.105 -1.099
8.147 2.133 -5.000 0.000 0.000 0.020 8.147 -1.099
8.188 2.033 -5.000 -0.000 0.000 0.020 8.188 -1.099
8.227 1.933 -5.000 0.000 0.000 0.020 8.227 -1.099
8.263 1.833 -5.000 0.000 0.000 0.020 8.263 -1.099
8.298 1.733 -5.000 -0.000 0.000 0.020 8.298 -1.099
8.331 1.633 -5.000 0.000 0.000 0.020 8.331 -1.099
8.361 1.533 -5.000 0.000 0.000 0.020 8.361 -1.099
8.390 1.433 -5.000 0.000 0.000 0.020 8.390 -1.099
8.417 1.333 -5.000 -0.000 0.000 0.020 8.417 -1.099
8.441 1.233 -5.000 0.000 0.000 0.020 8.441 -1.099
8.464 1.133 -5.000 -0.000 0.000 0.020 8.464 -1.099
8.485 1.033 -5.000 0.000 0.000 0.020 8.485 -1.099
8.503 0.933 -5.000 -0.000 0.000 0.020 8.503 -1.099
8.520 0.833 -5.000 0.000 0.000 0.020 8.520 -1.099
8.535 0.733 -5.000 0.000 0.000 0.020 8.535 -1.099
8.547 0.633 -5.000 0.000 0.000 0.020 8.547 -1.099
8.558 0.533 -5.000 0.000 0.000 0.020 8.558 -1.099
8.567 0.433 -5.000 -0.000 0.000 0.020 8.567 -1.099
8.573 0.333 -5.000 0.000 0.000 0.020 8.573 -1.099
8.578 0.235 -4.917 4.167 0.000 0.020 8.578 -1.099
8.581 0.148 -4.333 29.167 0.000 0.020 8.581 -1.099
8.582 0.082 -3.333 50.000 0.000 0.020 8.582 -1.099
8.583 0.035 -2.333 50.000 0.000 0.020 8.583 -1.099
8.583 0.008 -1.333 50.000 0.000 0.020 8.583 -1.099
8.583 0.000 -0.417 45.833 0.000 0.020 8.583 -1.099
