RedLoading
167
0.000 0.020 1.000 50.000 6.283 0.020 0.000 1.099
0.001 0.040 1.000 0.003 6.283 0.020 0.001 1.099
0.003 0.090 2.500 75.017 6.283 0.020 0.003 1.099
0.006 0.160 3.502 50.055 6.283 0.020 0.006 1.099
0.011 0.250 4.504 50.126 6.283 0.020 0.011 1.099
0.018 0.350 5.008 25.216 6.283 0.020 0.018 1.099
0.027 0.451 5.014 0.296 6.283 0.020 0.027 1.099
0.038 0.551 5.022 0.379 6.283 0.020 0.038 1.099
0.051 0.652 5.031 0.461 6.283 0.020 0.051 1.099
0.066 0.752 5.042 0.542 6.283 0.020 0.066 1.099
0.083 0.854 5.054 0.621 6.283 0.020 0.083 1.099
0.102 0.955 5.068 0.699 6.283 0.020 0.102 1.099
0.123 1.057 5.084 0.776 6.283 0.020 0.123 1.099
0.147 1.159 5.101 0.850 6.283 0.020 0.147 1.099
0.172 1.261 5.119 0.923 6.282 0.020 0.172 1.099
0.199 1.364 5.139 0.995 6.282 0.020 0.199 1.099
0.228 1.467 5.160 1.064 6.282 0.020 0.228 1.099
0.260 1.571 5.183 1.132 6.282 0.020 0.260 1.099
0.293 1.675 5.207 1.198 6.281 0.020 0.293 1.099
0.329 1.779 5.232 1.262 6.281 0.020 0.329 1.099
0.367 1.885 5.259 1.325 6.280 0.020 0.367 1.099
0.406 1.990 5.287 1.387 6.279 0.020 0.406 1.098
0.448 2.097 5.316 1.448 6.278 0.020 0.448 1.098
0.492 2.204 5.346 1.508 6.277 0.020 0.492 1.098
0.539 2.311 5.377 1.568 6.276 0.020 0.539 1.098
0.587 2.419 5.410 1.628 6.275 0.020 0.587 1.097
0.638 2.528 5.443 1.687 6.274 0.020 0.638 1.097
0.690 2.638 5.478 1.748 6.272 0.020 0.690 1.096
0.745 2.748 5.514 1.808 6.270 0.020 0.745 1.096
0.803 2.859 5.552 1.870 6.268 0.020 0.802 1.095
0.862 2.971 5.591 1.933 6.266 0.020 0.862 1.094
0.924 3.083 5.630 1.998 6.264 0.020 0.924 1.093
0.988 3.197 5.672 2.065 6.261 0.020 0.987 1.091
1.054 3.311 5.714 2.134 6.258 0.020 1.054 1.090
1.122 3.426 5.759 2.205 6.255 0.020 1.122 1.088
1.193 3.542 5.804 2.279 6.251 0.020 1.193 1.086
1.266 3.659 5.851 2.355 6.247 0.020 1.266 1.083
1.342 3.777 5.900 2.434 6.243 0.020 1.342 1.081
1.420 3.896 5.950 2.516 6.239 0.020 1.420 1.077
1.500 4.017 6.002 2.599 6.234 0.020 1.500 1.073
1.583 4.138 6.056 2.685 6.229 0.020 1.582 1.069
1.668 4.260 6.111 2.771 6.223 0.020 1.667 1.064
1.756 4.383 6.169 2.858 6.217 0.020 1.755 1.059
1.846 4.508 6.227 2.945 6.210 0.020 1.845 1.053
1.939 4.634 6.288 3.029 6.203 0.020 1.937 1.045
2.034 4.761 6.350 3.110 6.196 0.020 2.032 1.038
2.132 4.889 6.414 3.184 6.188 0.020 2.130 1.029
2.232 5.018 6.479 3.250 6.180 0.020 2.229 1.019
2.335 5.149 6.545 3.303 6.170 0.020 2.332 1.008
2.441 5.282 6.612 3.341 6.161 0.020 2.437 0.995
2.549 5.404 6.120 -24.613 6.150 0.020 2.544 0.981
2.659 5.505 5.056 -53.183 6.140 0.020 2.653 0.966
2.770 5.585 3.972 -54.184 6.128 0.020 2.763 0.950
2.883 5.642 2.868 -55.233 6.116 0.020 2.875 0.932
2.997 5.677 1.741 -56.314 6.104 0.020 2.987 0.912
3.111 5.700 1.164 -28.851 6.091 0.020 3.099 0.891
3.225 5.723 1.148 -0.813 6.078 0.020 3.211 0.869
3.340 5.745 1.128 -0.999 6.065 0.020 3.323 0.844
3.456 5.768 1.104 -1.202 6.051 0.020 3.436 0.819
3.571 5.789 1.075 -1.421 6.036 0.020 3.548 0.791
3.687 5.810 1.042 -1.654 6.022 0.020 3.661 0.762
3.804 5.830 1.004 -1.900 6.006 0.020 3.773 0.731
3.921 5.849 0.961 -2.155 5.991 0.020 3.885 0.698
4.038 5.867 0.913 -2.416 5.975 0.020 3.997 0.663
4.156 5.885 0.859 -2.680 5.959 0.020 4.109 0.627
4.274 5.901 0.801 -2.944 5.943 0.020 4.221 0.588
4.392 5.915 0.736 -3.202 5.926 0.020 4.332 0.548
4.511 5.929 0.667 -3.451 5.909 0.020 4.443 0.505
4.630 5.941 0.594 -3.686 5.892 0.020 4.553 0.461
4.749 5.951 0.516 -3.902 5.875 0.020 4.663 0.415
4.868 5.960 0.434 -4.094 5.857 0.020 4.772 0.366
4.987 5.967 0.349 -4.259 5.840 0.020 4.880 0.316
5.107 5.972 0.261 -4.393 5.822 0.020 4.987 0.264
5.226 5.975 0.171 -4.492 5.804 0.020 5.094 0.210
5.346 5.977 0.080 -4.554 5.786 0.020 5.199 0.154
5.465 5.977 -0.012 -4.577 5.769 0.020 5.304 0.096
5.585 5.975 -0.103 -4.562 5.751 0.020 5.407 0.036
5.704 5.971 -0.193 -4.507 5.733 0.020 5.510 -0.025
5.824 5.965 -0.281 -4.413 5.716 0.020 5.611 -0.088
5.943 5.958 -0.367 -4.284 5.698 0.020 5.711 -0.153
6.062 5.949 -0.449 -4.122 5.681 0.020 5.809 -0.220
6.180 5.938 -0.528 -3.929 5.664 0.020 5.907 -0.288
6.299 5.926 -0.602 -3.710 5.647 0.020 6.003 -0.358
6.417 5.913 -0.672 -3.470 5.630 0.020 6.097 -0.429
6.535 5.898 -0.736 -3.212 5.614 0.020 6.190 -0.501
6.653 5.882 -0.795 -2.942 5.598 0.020 6.282 -0.575
6.770 5.865 -0.848 -2.664 5.582 0.020 6.372 -0.650
6.887 5.847 -0.896 -2.382 5.567 0.020 6.461 -0.726
7.004 5.828 -0.938 -2.100 5.552 0.020 6.548 -0.803
7.120 5.809 -0.974 -1.822 5.537 0.020 6.634 -0.881
7.236 5.789 -1.005 -1.551 5.523 0.020 6.719 -0.960
7.351 5.768 -1.031 -1.291 5.509 0.020 6.802 -1.041
7.466 5.747 -1.052 -1.042 5.495 0.020 6.883 -1.122
7.580 5.726 -1.068 -0.808 5.482 0.020 6.964 -1.203
7.695 5.704 -1.080 -0.588 5.469 0.020 7.043 -1.286
7.808 5.683 -1.087 -0.385 5.457 0.020 7.120 -1.369
7.921 5.661 -1.091 -0.198 5.445 0.020 7.196 -1.453
8.034 5.639 -1.092 -0.028 5.433 0.020 7.271 -1.537
8.147 5.617 -1.089 0.125 5.422 0.020 7.345 -1.622
8.258 5.595 -1.084 0.262 5.411 0.020 7.417 -1.707
8.370 5.574 -1.077 0.383 5.401 0.020 7.488 -1.793
8.481 5.553 -1.067 0.490 5.391 0.020 7.559 -1.879
8.592 5.531 -1.055 0.582 5.381 0.020 7.628 -1.965
8.702 5.511 -1.042 0.661 5.372 0.020 7.695 -2.052
8.812 5.490 -1.027 0.729 5.363 0.020 7.762 -2.139
8.921 5.470 -1.012 0.785 5.354 0.020 7.828 -2.227
9.030 5.450 -0.995 0.830 5.346 0.020 7.893 -2.314
9.139 5.430 -0.978 0.867 5.338 0.020 7.957 -2.402
9.247 5.411 -0.960 0.896 5.331 0.020 8.020 -2.490
9.355 5.392 -0.941 0.917 5.323 0.020 8.082 -2.578
9.462 5.374 -0.923 0.932 5.317 0.020 8.144 -2.666
9.569 5.349 -1.241 -15.902 5.310 0.020 8.204 -2.755
9.675 5.307 -2.087 -42.324 5.304 0.020 8.264 -2.842
9.780 5.245 -3.119 -51.606 5.298 0.020 8.322 -2.930
9.883 5.162 -4.139 -50.981 5.293 0.020 8.379 -3.016
9.985 5.059 -5.147 -50.410 5.288 0.020 8.434 -3.101
10.083 4.943 -5.813 -33.311 5.283 0.020 8.488 -3.184
10.180 4.824 -5.949 -6.783 5.279 0.020 8.539 -3.265
10.274 4.706 -5.892 2.864 5.275 0.020 8.590 -3.344
10.366 4.589 -5.837 2.720 5.271 0.020 8.639 -3.422
10.455 4.474 -5.786 2.582 5.268 0.020 8.686 -3.498
10.542 4.359 -5.737 2.450 5.265 0.020 8.732 -3.572
10.627 4.245 -5.690 2.324 5.262 0.020 8.776 -3.645
10.710 4.132 -5.646 2.204 5.259 0.020 8.819 -3.715
10.790 4.020 -5.604 2.090 5.257 0.020 8.861 -3.784
10.869 3.909 -5.565 1.982 5.255 0.020 8.901 -3.851
10.945 3.798 -5.527 1.879 5.253 0.020 8.941 -3.916
11.018 3.688 -5.492 1.781 5.251 0.020 8.978 -3.979
11.090 3.579 -5.458 1.687 5.249 0.020 9.015 -4.041
11.159 3.471 -5.426 1.598 5.247 0.020 9.051 -4.100
11.227 3.363 -5.396 1.514 5.246 0.020 9.085 -4.158
11.292 3.255 -5.367 1.433 5.245 0.020 9.118 -4.214
11.355 3.149 -5.340 1.356 5.244 0.020 9.150 -4.269
11.416 3.042 -5.314 1.283 5.243 0.020 9.181 -4.321
11.474 2.937 -5.290 1.212 5.242 0.020 9.210 -4.372
11.531 2.831 -5.267 1.145 5.241 0.020 9.239 -4.421
11.585 2.726 -5.245 1.081 5.240 0.020 9.266 -4.468
11.638 2.622 -5.225 1.020 5.240 0.020 9.293 -4.513
11.688 2.518 -5.206 0.961 5.239 0.020 9.318 -4.557
11.736 2.414 -5.188 0.905 5.239 0.020 9.342 -4.598
11.783 2.311 -5.171 0.851 5.238 0.020 9.366 -4.638
11.827 2.207 -5.155 0.799 5.238 0.020 9.388 -4.677
11.869 2.105 -5.140 0.750 5.237 0.020 9.409 -4.713
11.909 2.002 -5.126 0.702 5.237 0.020 9.429 -4.748
11.947 1.900 -5.112 0.656 5.237 0.020 9.448 -4.780
11.983 1.798 -5.100 0.612 5.237 0.020 9.466 -4.812
12.017 1.696 -5.089 0.570 5.237 0.020 9.483 -4.841
12.049 1.595 -5.078 0.530 5.236 0.020 9.499 -4.869
12.079 1.493 -5.068 0.490 5.236 0.020 9.514 -4.894
12.106 1.392 -5.059 0.453 5.236 0.020 9.528 -4.919
12.132 1.291 -5.051 0.416 5.236 0.020 9.541 -4.941
12.156 1.190 -5.043 0.381 5.236 0.020 9.553 -4.961
12.178 1.089 -5.037 0.347 5.236 0.020 9.563 -4.980
12.198 0.989 -5.030 0.314 5.236 0.020 9.573 -4.997
12.215 0.888 -5.025 0.282 5.236 0.020 9.582 -5.013
12.231 0.788 -5.020 0.251 5.236 0.020 9.590 -5.027
12.245 0.688 -5.015 0.220 5.236 0.020 9.597 -5.038
12.257 0.587 -5.011 0.191 5.236 0.020 9.603 -5.049
12.266 0.487 -5.008 0.162 5.236 0.020 9.608 -5.057
12.274 0.387 -5.005 0.134 5.236 0.020 9.612 -5.064
12.280 0.287 -5.003 0.106 5.236 0.020 9.614 -5.069
12.284 0.193 -4.687 15.829 5.236 0.020 9.616 -5.072
12.286 0.116 -3.871 40.800 5.236 0.020 9.618 -5.074
12.287 0.059 -2.870 50.025 5.236 0.020 9.618 -5.075
12.288 0.021 -1.870 50.009 5.236 0.020 9.618 -5.075
12.288 0.004 -0.870 50.002 5.236 0.020 9.618 -5.076
12.288 0.000 -0.185 34.250 5.236 0.020 9.618 -5.076
0.000 0.020 1.000 50.000 6.283 0.020 0.000 -1.099
0.001 0.040 1.000 -0.003 6.283 0.020 0.001 -1.099
0.003 0.090 2.500 74.983 6.283 0.020 0.003 -1.099
0.006 0.160 3.498 49.945 6.283 0.020 0.006 -1.099
0.011 0.250 4.496 49.874 6.283 0.020 0.011 -1.099
0.018 0.350 4.992 24.784 6.283 0.020 0.018 -1.099
0.027 0.449 4.986 -0.296 6.283 0.020 0.027 -1.099
0.038 0.549 4.978 -0.379 6.283 0.020 0.038 -1.099
0.051 0.648 4.969 -0.461 6.283 0.020 0.051 -1.099
0.066 0.748 4.958 -0.542 6.283 0.020 0.066 -1.099
0.083 0.846 4.946 -0.621 6.283 0.020 0.083 -1.099
0.102 0.945 4.932 -0.699 6.283 0.020 0.102 -1.099
0.123 1.043 4.916 -0.776 6.283 0.020 0.123 -1.099
0.145 1.141 4.899 -0.850 6.283 0.020 0.145 -1.099
0.170 1.239 4.881 -0.923 6.282 0.020 0.170 -1.099
0.197 1.336 4.861 -0.995 6.282 0.020 0.197 -1.099
0.226 1.433 4.840 -1.064 6.282 0.020 0.226 -1.099
0.256 1.529 4.817 -1.132 6.282 0.020 0.256 -1.099
0.289 1.625 4.793 -1.198 6.281 0.020 0.289 -1.099
0.323 1.721 4.768 -1.262 6.281 0.020 0.323 -1.099
0.359 1.815 4.741 -1.325 6.280 0.020 0.359 -1.099
0.398 1.910 4.713 -1.387 6.279 0.020 0.398 -1.099
0.438 2.003 4.684 -1.448 6.278 0.020 0.438 -1.100
0.480 2.096 4.654 -1.508 6.277 0.020 0.480 -1.100
0.523 2.189 4.623 -1.568 6.276 0.020 0.523 -1.100
0.569 2.281 4.590 -1.628 6.275 0.020 0.569 -1.101
0.616 2.372 4.557 -1.688 6.274 0.020 0.616 -1.101
0.666 2.462 4.522 -1.748 6.272 0.020 0.666 -1.101
0.717 2.552 4.486 -1.808 6.270 0.020 0.717 -1.102
0.769 2.641 4.448 -1.870 6.268 0.020 0.769 -1.103
0.824 2.729 4.409 -1.934 6.266 0.020 0.824 -1.104
0.880 2.817 4.369 -1.998 6.264 0.020 0.880 -1.105
0.938 2.903 4.328 -2.065 6.261 0.020 0.938 -1.106
0.998 2.989 4.286 -2.134 6.258 0.020 0.998 -1.107
1.060 3.074 4.241 -2.205 6.255 0.020 1.060 -1.109
1.123 3.158 4.196 -2.279 6.251 0.020 1.123 -1.111
1.188 3.241 4.149 -2.356 6.247 0.020 1.188 -1.113
1.254 3.323 4.100 -2.435 6.243 0.020 1.254 -1.116
1.322 3.403 4.050 -2.516 6.239 0.020 1.322 -1.119
1.392 3.483 3.998 -2.600 6.234 0.020 1.392 -1.122
1.463 3.562 3.944 -2.685 6.229 0.020 1.463 -1.125
1.536 3.640 3.889 -2.772 6.223 0.020 1.535 -1.130
1.610 3.717 3.831 -2.859 6.217 0.020 1.610 -1.134
1.686 3.792 3.772 -2.946 6.210 0.020 1.685 -1.140
1.763 3.866 3.712 -3.030 6.203 0.020 1.762 -1.145
1.842 3.939 3.650 -3.111 6.196 0.020 1.841 -1.152
1.922 4.011 3.586 -3.185 6.188 0.020 1.921 -1.159
2.004 4.082 3.521 -3.251 6.180 0.020 2.002 -1.167
2.087 4.151 3.455 -3.305 6.170 0.020 2.084 -1.176
2.171 4.218 3.388 -3.342 6.161 0.020 2.168 -1.186
2.257 4.276 2.880 -25.388 6.150 0.020 2.253 -1.197
2.343 4.315 1.944 -46.817 6.140 0.020 2.339 -1.209
2.430 4.335 1.028 -45.816 6.128 0.020 2.424 -1.222
2.517 4.338 0.132 -44.766 6.116 0.020 2.510 -1.236
2.603 4.323 -0.741 -43.685 6.104 0.020 2.595 -1.251
2.689 4.300 -1.164 -21.149 6.091 0.020 2.680 -1.267
2.775 4.277 -1.148 0.813 6.078 0.020 2.764 -1.283
2.860 4.254 -1.128 0.999 6.065 0.020 2.847 -1.301
2.944 4.232 -1.104 1.202 6.051 0.020 2.929 -1.320
3.029 4.211 -1.076 1.421 6.036 0.020 3.011 -1.340
3.112 4.190 -1.043 1.655 6.022 0.020 3.092 -1.361
3.196 4.170 -1.005 1.900 6.006 0.020 3.173 -1.383
3.279 4.151 -0.962 2.155 5.991 0.020 3.252 -1.407
3.362 4.132 -0.913 2.416 5.975 0.020 3.331 -1.431
3.444 4.115 -0.860 2.681 5.959 0.020 3.409 -1.457
3.526 4.099 -0.801 2.944 5.943 0.020 3.487 -1.483
3.608 4.084 -0.737 3.203 5.926 0.020 3.564 -1.511
3.689 4.071 -0.668 3.452 5.909 0.020 3.640 -1.540
3.770 4.059 -0.594 3.687 5.892 0.020 3.715 -1.571
3.851 4.049 -0.516 3.903 5.875 0.020 3.790 -1.602
3.932 4.040 -0.434 4.095 5.857 0.020 3.863 -1.635
4.013 4.033 -0.349 4.260 5.840 0.020 3.937 -1.669
4.093 4.028 -0.261 4.394 5.822 0.020 4.009 -1.704
4.174 4.025 -0.171 4.493 5.804 0.020 4.081 -1.741
4.254 4.023 -0.080 4.555 5.786 0.020 4.152 -1.778
4.335 4.023 0.012 4.579 5.769 0.020 4.222 -1.817
4.415 4.025 0.103 4.563 5.751 0.020 4.292 -1.858
4.496 4.029 0.193 4.508 5.733 0.020 4.361 -1.899
4.576 4.035 0.281 4.415 5.716 0.020 4.430 -1.942
4.657 4.042 0.367 4.285 5.698 0.020 4.497 -1.986
4.738 4.051 0.450 4.123 5.681 0.020 4.565 -2.031
4.819 4.062 0.528 3.930 5.664 0.020 4.631 -2.078
4.901 4.074 0.602 3.711 5.647 0.020 4.697 -2.126
4.983 4.087 0.672 3.471 5.630 0.020 4.762 -2.175
5.065 4.102 0.736 3.213 5.614 0.020 4.827 -2.225
5.147 4.118 0.795 2.943 5.598 0.020 4.891 -2.277
5.230 4.135 0.848 2.664 5.582 0.020 4.955 -2.330
5.313 4.153 0.896 2.382 5.567 0.020 5.018 -2.384
5.396 4.171 0.938 2.100 5.552 0.020 5.081 -2.439
5.480 4.191 0.974 1.822 5.537 0.020 5.142 -2.495
5.564 4.211 1.005 1.552 5.523 0.020 5.204 -2.553
5.649 4.232 1.031 1.291 5.509 0.020 5.265 -2.612
5.734 4.253 1.052 1.042 5.495 0.020 5.325 -2.672
5.819 4.274 1.068 0.807 5.482 0.020 5.385 -2.733
5.905 4.296 1.080 0.588 5.469 0.020 5.444 -2.795
5.992 4.317 1.088 0.385 5.457 0.020 5.503 -2.858
6.078 4.339 1.092 0.198 5.445 0.020 5.562 -2.922
6.166 4.361 1.092 0.028 5.433 0.020 5.620 -2.987
6.253 4.383 1.090 -0.125 5.422 0.020 5.677 -3.053
6.341 4.405 1.084 -0.262 5.411 0.020 5.734 -3.121
6.430 4.426 1.077 -0.384 5.401 0.020 5.791 -3.189
6.519 4.447 1.067 -0.490 5.391 0.020 5.847 -3.258
6.608 4.469 1.055 -0.582 5.381 0.020 5.903 -3.328
6.698 4.489 1.042 -0.662 5.372 0.020 5.958 -3.398
6.788 4.510 1.027 -0.729 5.363 0.020 6.013 -3.470
6.879 4.530 1.012 -0.785 5.354 0.020 6.067 -3.542
6.970 4.550 0.995 -0.831 5.346 0.020 6.122 -3.615
7.061 4.570 0.978 -0.868 5.338 0.020 6.175 -3.689
7.153 4.589 0.960 -0.896 5.331 0.020 6.229 -3.764
7.245 4.608 0.942 -0.917 5.323 0.020 6.282 -3.839
7.338 4.626 0.923 -0.932 5.317 0.020 6.335 -3.915
7.431 4.638 0.611 -15.598 5.310 0.020 6.387 -3.991
7.523 4.635 -0.173 -39.175 5.304 0.020 6.439 -4.068
7.615 4.612 -1.140 -48.394 5.298 0.020 6.490 -4.145
7.707 4.570 -2.121 -49.020 5.293 0.020 6.541 -4.221
7.797 4.507 -3.113 -49.590 5.288 0.020 6.590 -4.297
7.886 4.431 -3.816 -35.190 5.283 0.020 6.638 -4.371
7.973 4.350 -4.051 -11.717 5.279 0.020 6.685 -4.445
8.058 4.268 -4.108 -2.865 5.275 0.020 6.731 -4.517
8.142 4.185 -4.163 -2.720 5.271 0.020 6.775 -4.588
8.224 4.100 -4.214 -2.582 5.268 0.020 6.818 -4.657
8.304 4.015 -4.263 -2.450 5.265 0.020 6.861 -4.725
8.383 3.929 -4.310 -2.324 5.262 0.020 6.902 -4.792
8.459 3.842 -4.354 -2.205 5.259 0.020 6.942 -4.858
8.534 3.754 -4.396 -2.091 5.257 0.020 6.981 -4.922
8.608 3.665 -4.435 -1.982 5.255 0.020 7.019 -4.985
8.679 3.576 -4.473 -1.879 5.253 0.020 7.056 -5.046
8.749 3.486 -4.508 -1.781 5.251 0.020 7.091 -5.106
8.817 3.395 -4.542 -1.687 5.249 0.020 7.126 -5.164
8.883 3.303 -4.574 -1.598 5.247 0.020 7.160 -5.221
8.947 3.211 -4.604 -1.514 5.246 0.020 7.193 -5.276
9.010 3.119 -4.633 -1.433 5.245 0.020 7.224 -5.330
9.070 3.025 -4.660 -1.356 5.244 0.020 7.255 -5.382
9.129 2.932 -4.686 -1.283 5.243 0.020 7.285 -5.433
9.185 2.837 -4.710 -1.212 5.242 0.020 7.313 -5.482
9.240 2.743 -4.733 -1.145 5.241 0.020 7.341 -5.529
9.293 2.648 -4.755 -1.081 5.240 0.020 7.368 -5.575
9.344 2.552 -4.775 -1.020 5.240 0.020 7.393 -5.619
9.393 2.456 -4.794 -0.961 5.239 0.020 7.418 -5.661
9.441 2.360 -4.812 -0.905 5.239 0.020 7.442 -5.702
9.486 2.263 -4.829 -0.851 5.238 0.020 7.465 -5.741
9.529 2.167 -4.845 -0.799 5.238 0.020 7.486 -5.779
9.571 2.069 -4.860 -0.750 5.237 0.020 7.507 -5.815
9.610 1.972 -4.874 -0.702 5.237 0.020 7.527 -5.849
9.648 1.874 -4.888 -0.656 5.237 0.020 7.546 -5.881
9.683 1.776 -4.900 -0.612 5.237 0.020 7.563 -5.912
9.717 1.678 -4.911 -0.570 5.237 0.020 7.580 -5.941
9.748 1.579 -4.922 -0.530 5.236 0.020 7.596 -5.968
9.778 1.481 -4.932 -0.490 5.236 0.020 7.611 -5.994
9.805 1.382 -4.941 -0.453 5.236 0.020 7.625 -6.018
9.831 1.283 -4.949 -0.416 5.236 0.020 7.637 -6.040
9.855 1.184 -4.957 -0.381 5.236 0.020 7.649 -6.061
9.876 1.085 -4.963 -0.347 5.236 0.020 7.660 -6.080
9.896 0.985 -4.970 -0.314 5.236 0.020 7.670 -6.097
9.914 0.886 -4.975 -0.282 5.236 0.020 7.679 -6.112
9.930 0.786 -4.980 -0.251 5.236 0.020 7.687 -6.126
9.943 0.686 -4.985 -0.220 5.236 0.020 7.694 -6.137
9.955 0.587 -4.989 -0.191 5.236 0.020 7.699 -6.148
9.965 0.487 -4.992 -0.162 5.236 0.020 7.704 -6.156
9.973 0.387 -4.995 -0.134 5.236 0.020 7.708 -6.163
9.978 0.287 -4.997 -0.106 5.236 0.020 7.711 -6.168
9.982 0.193 -4.683 15.671 5.236 0.020 7.713 -6.171
9.984 0.116 -3.869 40.699 5.236 0.020 7.714 -6.173
9.986 0.058 -2.870 49.975 5.236 0.020 7.715 -6.174
9.986 0.021 -1.870 49.991 5.236 0.020 7.715 -6.174
9.986 0.004 -0.870 49.998 5.236 0.020 7.715 -6.174
9.986 0.000 -0.185 34.250 5.236 0.020 7.715 -6.174
